Attaswift,10000,0.020328579,0.001178253
Attaswift,10000,0.00980931,0.000504235
Attaswift,10000,0.009904956,0.000591713
Attaswift,10000,0.010343727,0.000461462
Attaswift,10000,0.008905869,0.000422088
Attaswift,10000,0.008098434,0.000348226
Attaswift,10000,0.009287891,0.000466534
Attaswift,10000,0.00838192,0.000357378
Attaswift,10000,0.009185788,0.000529747
Attaswift,10000,0.010932302,0.000480939
Attaswift,30000,0.064081494,0.003410133
Attaswift,30000,0.055707871,0.002441458
Attaswift,30000,0.056447905,0.002537404
Attaswift,30000,0.058083476,0.002390284
Attaswift,30000,0.060331003,0.002403378
Attaswift,30000,0.061434031,0.002405481
Attaswift,30000,0.056786406,0.002758436
Attaswift,30000,0.055740371,0.002599013
Attaswift,30000,0.059839846,0.002402436
Attaswift,30000,0.05829818,0.002456797
Attaswift,100000,0.542849029,0.025150352
Attaswift,100000,0.54907855,0.025279275
Attaswift,100000,0.546201539,0.026387128
Attaswift,100000,0.587307594,0.025114837
Attaswift,100000,0.557755533,0.024996056
Attaswift,100000,0.555603997,0.025116064
Attaswift,100000,0.544111816,0.025183244
Attaswift,100000,0.54788234,0.024973212
Attaswift,100000,0.556196411,0.025007312
Attaswift,100000,0.56320626,0.025440279
Attaswift,300000,4.876171126,0.219392121
Attaswift,300000,4.910879782,0.218990421
Attaswift,300000,5.117999466,0.220495734
Attaswift,300000,4.948316194,0.234537527
Attaswift,300000,5.173212035000001,0.218995451
Attaswift,300000,4.899379458,0.223461114
Attaswift,300000,4.8352984910000005,0.218943125
Attaswift,300000,4.926027451,0.218438307
Attaswift,300000,5.109075928999999,0.220141197
Attaswift,300000,5.01140921,0.218501207
Attaswift,1000000,58.201700821,2.822929732
Attaswift,1000000,54.816252264,2.441734434
Attaswift,1000000,54.833421095,2.469307679
Attaswift,1000000,54.33361983,2.436290684
Attaswift,1000000,54.62163880800001,2.446963267
Attaswift,1000000,54.008202641,2.474180535
Attaswift,1000000,54.347970161,2.538142096
Attaswift,1000000,54.088735325,2.465577782
Attaswift,1000000,54.163858835999996,2.460650827
Attaswift,1000000,54.549935569,2.495753325
Numberick,10000,0.004741561,0.000432014
Numberick,10000,0.00435504,0.000276416
Numberick,10000,0.00348247,0.000258585
Numberick,10000,0.002913356,0.000230693
Numberick,10000,0.003796471,0.000278519
Numberick,10000,0.004009894,0.000278443
Numberick,10000,0.003443689,0.000233623
Numberick,10000,0.003211624,0.000261774
Numberick,10000,0.003712225,0.000267887
Numberick,10000,0.003765466,0.000301125
Numberick,30000,0.025963591,0.001510556
Numberick,30000,0.024398627,0.001540848
Numberick,30000,0.024423264,0.001479989
Numberick,30000,0.025935738,0.001495157
Numberick,30000,0.024903606,0.001493591
Numberick,30000,0.025826042,0.001479155
Numberick,30000,0.025274383,0.00150991
Numberick,30000,0.02493756,0.001574698
Numberick,30000,0.02582444,0.001589629
Numberick,30000,0.024909854,0.001622242
Numberick,100000,0.231829348,0.015968834
Numberick,100000,0.233799641,0.015951569
Numberick,100000,0.235185075,0.015894437
Numberick,100000,0.233948454,0.015983167
Numberick,100000,0.234695141,0.016174877
Numberick,100000,0.235449504,0.016110522
Numberick,100000,0.233877817,0.015948395
Numberick,100000,0.234917325,0.016118552
Numberick,100000,0.237282518,0.016064634
Numberick,100000,0.233546089,0.016017768
Numberick,300000,2.034429193,0.141980761
Numberick,300000,2.042124926,0.141222722
Numberick,300000,2.047815558,0.141219846
Numberick,300000,2.031374642,0.141623649
Numberick,300000,2.101512947,0.141491856
Numberick,300000,2.077318655,0.141170128
Numberick,300000,2.066977454,0.141403923
Numberick,300000,2.037047915,0.141251433
Numberick,300000,2.08810643,0.141245071
Numberick,300000,2.0690492,0.141297719
Numberick,1000000,22.618136534,1.57457274
Numberick,1000000,22.526729539999998,1.572660835
Numberick,1000000,22.545532176,1.572448328
Numberick,1000000,22.64817774,1.568162696
Numberick,1000000,22.653504027,1.575679511
Numberick,1000000,22.689256112,1.567060152
Numberick,1000000,22.575110275,1.586852084
Numberick,1000000,22.680403121,1.615692145
Numberick,1000000,22.633652482,1.570891574
Numberick,1000000,22.48927148,1.582183596
Violet,10000,0.001739801,0.000422828
Violet,10000,0.002349248,0.000234668
Violet,10000,0.002122835,0.000275198
Violet,10000,0.001472676,0.000223522
Violet,10000,0.001995501,0.000259923
Violet,10000,0.002080384,0.000210486
Violet,10000,0.002200744,0.000208838
Violet,10000,0.001759757,0.00025591
Violet,10000,0.001860905,0.000243137
Violet,10000,0.001378146,0.000248457
Violet,30000,0.006863034,0.001605847
Violet,30000,0.011379121,0.001706171
Violet,30000,0.00763128,0.001591843
Violet,30000,0.008015074,0.00156009
Violet,30000,0.008100116,0.001490556
Violet,30000,0.007300862,0.001532095
Violet,30000,0.008244597,0.001529213
Violet,30000,0.008874806,0.001738812
Violet,30000,0.00709358,0.00157426
Violet,30000,0.011409868,0.001721749
Violet,100000,0.059159908,0.016039886
Violet,100000,0.060002905,0.016013608
Violet,100000,0.062386725,0.016146611
Violet,100000,0.063815987,0.016373121
Violet,100000,0.063789244,0.016118553
Violet,100000,0.061956367,0.016080992
Violet,100000,0.065576837,0.015943374
Violet,100000,0.066468373,0.016141785
Violet,100000,0.062874357,0.015974609
Violet,100000,0.065346848,0.016108041
Violet,300000,0.480460099,0.141760204
Violet,300000,0.483086641,0.141917044
Violet,300000,0.551915281,0.140779878
Violet,300000,0.481691101,0.141256645
Violet,300000,0.483136838,0.141244287
Violet,300000,0.483582085,0.141079643
Violet,300000,0.483164177,0.160729196
Violet,300000,0.482013042,0.141324518
Violet,300000,0.484782786,0.14224079
Violet,300000,0.481996654,0.141248686
Violet,1000000,5.344540326,1.581068143
Violet,1000000,5.246616024,1.57878142
Violet,1000000,5.268964485,1.579523924
Violet,1000000,5.47403211,1.58188091
Violet,1000000,5.403155678,1.577938862
Violet,1000000,5.30570001,1.57805514
Violet,1000000,5.371519816,1.577843652
Violet,1000000,5.50479225,1.584645948
Violet,1000000,5.279251455000001,1.576704455
Violet,1000000,5.26552421,1.583202078
Node,10000,0.003420587,0.003025855
Node,10000,0.002138169,0.000120108
Node,10000,0.001562484,0.000118648
Node,10000,0.001968112,0.00010675
Node,10000,0.001499888,0.000100417
Node,10000,0.001480906,0.000117056
Node,10000,0.001476042,0.000101203
Node,10000,0.001554349,0.000108086
Node,10000,0.001495312,0.000201485
Node,10000,0.001503219,0.000158702
Node,30000,0.014564452,0.000166841
Node,30000,0.013966329,0.000283992
Node,30000,0.014619569,0.000258685
Node,30000,0.01864087,0.000200483
Node,30000,0.01731262,0.00019097
Node,30000,0.015752039,0.000114424
Node,30000,0.011864442,0.000291675
Node,30000,0.020432528,0.000782371
Node,30000,0.019785741,0.000225097
Node,30000,0.0186058,0.000240731
Node,100000,0.17601322900000005,0.001266194
Node,100000,0.148681991,0.00038367
Node,100000,0.237568881,0.001258614
Node,100000,0.208840131,0.0004098
Node,100000,0.141144135,0.000483111
Node,100000,0.106096048,0.000462879
Node,100000,0.105903639,0.000518571
Node,100000,0.104910689,0.000451489
Node,100000,0.102955038,0.000366981
Node,100000,0.101919621,0.000361034
Node,300000,0.863601634,0.000694033
Node,300000,0.851873198,0.002801639
Node,300000,0.872572416,0.000885532
Node,300000,0.867650806,0.00099336
Node,300000,0.8695414850000001,0.000853873
Node,300000,0.845264258,0.001393759
Node,300000,0.8508510380000001,0.000774557
Node,300000,0.844145879,0.000752314
Node,300000,0.891072259,0.000737387
Node,300000,0.887512241,0.000856169
Node,1000000,9.767534342,0.018740387
Node,1000000,9.820775655,0.014158769
Node,1000000,9.866791394,0.020439839
Node,1000000,9.776788622,0.029852935
Node,1000000,9.6601685,0.013637995
Node,1000000,9.658007395,0.014813977
Node,1000000,9.686283487,0.020289112
Node,1000000,9.783154751,0.062046875
Node,1000000,9.919009131,0.021264248
Node,1000000,9.612183615,0.021234178
Python,10000,0.003071277984417975,0.00010372401447966695
Python,10000,0.002882876025978476,9.588399552740157e-05
Python,10000,0.0028990939899813384,0.00010450099944137037
Python,10000,0.0035421659995336086,0.00011205501505173743
Python,10000,0.0025870609970297664,0.00010639798711054027
Python,10000,0.0031893959967419505,0.00011350098066031933
Python,10000,0.0027291680162306875,0.00012363700079731643
Python,10000,0.00276144701638259,0.00012667098781093955
Python,10000,0.002661425998667255,0.00014265099889598787
Python,10000,0.002684125996893272,0.00013023900100961328
Python,30000,0.017669135006144643,0.0005982110160402954
Python,30000,0.014677756989840418,0.0006127990200184286
Python,30000,0.018624866992468014,0.0010730900103226304
Python,30000,0.020716027996968478,0.0011104420118499547
Python,30000,0.01988372500636615,0.0013197770167607814
Python,30000,0.015765502001158893,0.0006516040011774749
Python,30000,0.020534006995148957,0.0005870799941476434
Python,30000,0.01985174699802883,0.0006672950112260878
Python,30000,0.013357881020056084,0.0005524489970412105
Python,30000,0.01970296201761812,0.001098696986446157
Python,100000,0.15759170599631034,0.007420423993607983
Python,100000,0.11536235301173292,0.00564386197947897
Python,100000,0.09426744998199865,0.005719898006645963
Python,100000,0.09350346701103263,0.0056417589948978275
Python,100000,0.11592414102051407,0.005498657992575318
Python,100000,0.09853186900727451,0.005726772011257708
Python,100000,0.09118011998361908,0.005643386015435681
Python,100000,0.09238941597868688,0.005628445011097938
Python,100000,0.09075397098786198,0.005648557998938486
Python,100000,0.09152110500144772,0.005622269003652036
Python,300000,0.7268757960118819,0.048671206983271986
Python,300000,0.7227928710053675,0.04834641600609757
Python,300000,0.7220559559937101,0.04836027600686066
Python,300000,0.7229410870058928,0.04847402201266959
Python,300000,0.7204943890101276,0.048315872001694515
Python,300000,0.7296211259963457,0.04831314098555595
Python,300000,0.7267176430032123,0.04829558701021597
Python,300000,0.7221886750194244,0.0482166129804682
Python,300000,0.7532582590065431,0.0482317209825851
Python,300000,0.7809896540129557,0.04845304900663905
Python,1000000,7.964216752006905,0.5549056839954574
Python,1000000,7.778520614025183,0.605785941996146
Python,1000000,7.8344512800103985,0.553609852999216
Python,1000000,7.876044095988618,0.5447377850068733
Python,1000000,7.92534072700073,0.5453910079959314
Python,1000000,7.787240126024699,0.5431823359976988
Python,1000000,7.881787759979488,0.6268148420203943
Python,1000000,7.851322983013233,0.5461124719877262
Python,1000000,7.794731436995789,0.5491360040032305
Python,1000000,7.78482717499719,0.5527653280005325
GMP,10000,0.000925,0.000116
GMP,10000,0.000822,0.000058
GMP,10000,0.000853,0.000051
GMP,10000,0.000854,0.000053
GMP,10000,0.000858,0.000055
GMP,10000,0.000782,0.000059
GMP,10000,0.000753,0.000047
GMP,10000,0.000694,0.000050
GMP,10000,0.000654,0.000045
GMP,10000,0.000805,0.000063
GMP,30000,0.005220,0.000176
GMP,30000,0.004989,0.000123
GMP,30000,0.005175,0.000153
GMP,30000,0.005388,0.000212
GMP,30000,0.005187,0.000105
GMP,30000,0.005357,0.000157
GMP,30000,0.005139,0.000164
GMP,30000,0.005427,0.000150
GMP,30000,0.003817,0.000106
GMP,30000,0.004760,0.000125
GMP,100000,0.033809,0.000553
GMP,100000,0.034404,0.000465
GMP,100000,0.034936,0.000672
GMP,100000,0.039144,0.000686
GMP,100000,0.041929,0.000630
GMP,100000,0.040353,0.000725
GMP,100000,0.039567,0.000660
GMP,100000,0.035542,0.000687
GMP,100000,0.043296,0.000719
GMP,100000,0.044768,0.000712
GMP,300000,0.305927,0.002216
GMP,300000,0.259141,0.002188
GMP,300000,0.258584,0.001492
GMP,300000,0.250931,0.002032
GMP,300000,0.254598,0.002123
GMP,300000,0.253235,0.002147
GMP,300000,0.250874,0.002039
GMP,300000,0.258706,0.002075
GMP,300000,0.253497,0.002117
GMP,300000,0.261857,0.002021
GMP,1000000,2.843702,0.010907
GMP,1000000,2.895154,0.010888
GMP,1000000,2.874232,0.010792
GMP,1000000,2.886912,0.010785
GMP,1000000,2.860591,0.010897
GMP,1000000,2.865065,0.011021
GMP,1000000,2.785322,0.011127
GMP,1000000,2.828776,0.010851
GMP,1000000,2.791044,0.010950
GMP,1000000,2.792291,0.010854
Attaswift,10000,0.006339897,0.000536997
Attaswift,10000,0.009473647,0.00051657
Attaswift,10000,0.009442153,0.000487969
Attaswift,10000,0.009528644,0.000488052
Attaswift,10000,0.007197879,0.000339607
Attaswift,10000,0.008697681,0.000449666
Attaswift,10000,0.009302382,0.000387079
Attaswift,10000,0.009457327,0.00050459
Attaswift,10000,0.009497991,0.000501338
Attaswift,10000,0.007036195,0.000343161
Attaswift,30000,0.057283663,0.002486824
Attaswift,30000,0.055699767,0.002460449
Attaswift,30000,0.056194157,0.002889578
Attaswift,30000,0.054836605,0.002472097
Attaswift,30000,0.096953402,0.003564831
Attaswift,30000,0.071518397,0.002404616
Attaswift,30000,0.05854636,0.002381412
Attaswift,30000,0.055134841,0.002528935
Attaswift,30000,0.054779867,0.002505388
Attaswift,30000,0.054649231,0.002490643
Attaswift,100000,0.578431736,0.02693591
Attaswift,100000,0.543674329,0.024929616
Attaswift,100000,0.549392353,0.026714896
Attaswift,100000,0.54434738,0.024815347
Attaswift,100000,0.548625793,0.024843574
Attaswift,100000,0.54451231,0.024898383
Attaswift,100000,0.557731092,0.025195802
Attaswift,100000,0.550814691,0.024828076
Attaswift,100000,0.558013338,0.025093161
Attaswift,100000,0.552520886,0.025093706
Attaswift,300000,4.847012204,0.219210543
Attaswift,300000,5.024226766,0.221718528
Attaswift,300000,4.97299911,0.21867845
Attaswift,300000,4.805187339000001,0.221450241
Attaswift,300000,4.852152799000001,0.254538563
Attaswift,300000,4.894212937,0.21956891
Attaswift,300000,4.981219128999999,0.221593225
Attaswift,300000,4.919712036,0.222848682
Attaswift,300000,4.994510288999999,0.244570005
Attaswift,300000,4.908052928,0.219372375
Attaswift,1000000,54.190341485999994,2.502331273
Attaswift,1000000,54.29900178,2.485471382
Attaswift,1000000,54.624902128,2.437212704
Attaswift,1000000,54.620144542,2.442385371
Attaswift,1000000,54.272569456,2.462200714
Attaswift,1000000,54.080900407,2.735489224
Attaswift,1000000,54.710636789000006,2.499316296
Attaswift,1000000,54.65317106,2.449020172
Attaswift,1000000,54.129880625,2.438909746
Attaswift,1000000,54.39892865,2.452361729
Numberick,10000,0.002808278,0.00023602
Numberick,10000,0.003908278,0.000255118
Numberick,10000,0.003676462,0.000269504
Numberick,10000,0.003276432,0.000255891
Numberick,10000,0.003137188,0.000209811
Numberick,10000,0.003917379,0.000262581
Numberick,10000,0.003160848,0.000263899
Numberick,10000,0.00361502,0.000230011
Numberick,10000,0.002869331,0.000201874
Numberick,10000,0.003621832,0.000247057
Numberick,30000,0.025701966,0.001696259
Numberick,30000,0.02402202,0.00154682
Numberick,30000,0.024990455,0.001509081
Numberick,30000,0.028630321,0.001713689
Numberick,30000,0.033541706,0.002301158
Numberick,30000,0.02628771,0.001515532
Numberick,30000,0.025572474,0.001508581
Numberick,30000,0.025283218,0.002028038
Numberick,30000,0.025127678,0.001505739
Numberick,30000,0.025303212,0.001746523
Numberick,100000,0.233046534,0.015994301
Numberick,100000,0.234394698,0.016030469
Numberick,100000,0.233207398,0.015990276
Numberick,100000,0.236579773,0.016095392
Numberick,100000,0.234479092,0.015967414
Numberick,100000,0.23422773,0.016071652
Numberick,100000,0.234329485,0.01594167
Numberick,100000,0.234412758,0.016053389
Numberick,100000,0.233817805,0.016007266
Numberick,100000,0.234026105,0.015944098
Numberick,300000,2.063888174,0.141951107
Numberick,300000,2.113367688,0.152503332
Numberick,300000,2.079596995,0.141552842
Numberick,300000,2.070932169,0.141607864
Numberick,300000,2.036255124,0.140606501
Numberick,300000,2.034144774,0.140828277
Numberick,300000,2.032333105,0.142282908
Numberick,300000,2.035878433,0.141235988
Numberick,300000,2.036747879,0.141195068
Numberick,300000,2.034380608,0.141412163
Numberick,1000000,22.842573475000002,1.569392671
Numberick,1000000,22.534624180999998,1.575221898
Numberick,1000000,22.477455606,1.571279468
Numberick,1000000,22.684311790000002,1.573038072
Numberick,1000000,22.650076937999998,1.585370113
Numberick,1000000,22.736858092000002,1.572816417
Numberick,1000000,22.535139787000002,1.568288924
Numberick,1000000,22.545134891,1.580701895
Numberick,1000000,22.61795785,1.571805118
Numberick,1000000,22.510290226,1.577731919
Violet,10000,0.002055324,0.000273002
Violet,10000,0.002022938,0.000261613
Violet,10000,0.001984162,0.000250229
Violet,10000,0.00196473,0.000255652
Violet,10000,0.00151539,0.000212022
Violet,10000,0.001996326,0.000225112
Violet,10000,0.001071466,0.000202341
Violet,10000,0.00192796,0.000239489
Violet,10000,0.002020447,0.000218462
Violet,10000,0.001589922,0.000255447
Violet,30000,0.007089931,0.001546298
Violet,30000,0.007081427,0.001499247
Violet,30000,0.009089473,0.001518478
Violet,30000,0.007096909,0.001555037
Violet,30000,0.013620982,0.002081433
Violet,30000,0.007505991,0.001540589
Violet,30000,0.007114041,0.001551852
Violet,30000,0.007092716,0.001541321
Violet,30000,0.00686592,0.00150107
Violet,30000,0.007210299,0.001552973
Violet,100000,0.062879571,0.01595394
Violet,100000,0.061919095,0.016046673
Violet,100000,0.064720366,0.015951966
Violet,100000,0.064005429,0.016079376
Violet,100000,0.061481951,0.016114925
Violet,100000,0.062738765,0.01598985
Violet,100000,0.061678092,0.016146995
Violet,100000,0.06337888,0.016209312
Violet,100000,0.063431542,0.015955463
Violet,100000,0.062786194,0.016094019
Violet,300000,0.722606282,0.168099402
Violet,300000,0.522286126,0.155918457
Violet,300000,0.483981625,0.142393095
Violet,300000,0.486560056,0.141840372
Violet,300000,0.582623632,0.141665304
Violet,300000,0.481359217,0.14092685
Violet,300000,0.479517565,0.141063423
Violet,300000,0.481638407,0.141412964
Violet,300000,0.578767664,0.141435033
Violet,300000,0.482683191,0.141456074
Violet,1000000,5.217438526,1.612213047
Violet,1000000,5.213938960999999,1.586318732
Violet,1000000,5.542646002,1.612374965
Violet,1000000,5.313642183000001,1.580686148
Violet,1000000,5.489148457,1.573533219
Violet,1000000,5.403153466,1.574938693
Violet,1000000,5.28353503,1.585329567
Violet,1000000,5.273904353,1.580261408
Violet,1000000,5.270898219,1.572187072
Violet,1000000,5.260003918,1.582877972
Node,10000,0.004174,0.003806187
Node,10000,0.002452893,0.000120886
Node,10000,0.002056288,0.000183899
Node,10000,0.002475014,0.000142139
Node,10000,0.002375705,0.00016102
Node,10000,0.002969483,0.000133857
Node,10000,0.00264881,0.000131015
Node,10000,0.002560701,0.00013961
Node,10000,0.002720198,0.000271615
Node,10000,0.002686154,0.000191712
Node,30000,0.019421348,0.000167751
Node,30000,0.018300102,0.000338139
Node,30000,0.018703232,0.000247181
Node,30000,0.017547616,0.000258217
Node,30000,0.01679118,0.000159757
Node,30000,0.019175786,0.000174776
Node,30000,0.018468557000000052,0.000285619
Node,30000,0.016734863,0.000218653
Node,30000,0.016330064,0.000189128
Node,30000,0.020224736,0.000739516
Node,100000,0.146991171,0.000758548
Node,100000,0.150098077,0.000395168
Node,100000,0.143913787,0.000495681
Node,100000,0.160230625,0.001197535
Node,100000,0.154269413,0.000421112
Node,100000,0.111391344,0.000258584
Node,100000,0.10747787399999997,0.000512269
Node,100000,0.103191873,0.000355661
Node,100000,0.110650858,0.000381118
Node,100000,0.103981132,0.000438205
Node,300000,0.857938046,0.000688473
Node,300000,0.845541936,0.000680674
Node,300000,0.84397886,0.000707616
Node,300000,0.845223728,0.000831376
Node,300000,0.875072084,0.000828873
Node,300000,0.855930081,0.000935179
Node,300000,0.913607402,0.000830026
Node,300000,0.843240344,0.000942691
Node,300000,1.008574991,0.000988328
Node,300000,0.884141323,0.00078234
Node,1000000,9.741256857,0.020343268
Node,1000000,9.54280394,0.014056724
Node,1000000,9.626368296,0.015886567
Node,1000000,9.562660488,0.021193962
Node,1000000,9.6486558,0.017737488
Node,1000000,9.670410295,0.019488973
Node,1000000,9.591024753,0.024363882
Node,1000000,9.847103999,0.014346999
Node,1000000,9.553139972,0.016830653
Node,1000000,9.595037403,0.017425414
Python,10000,0.0015817690000403672,8.730599074624479e-05
Python,10000,0.0017432219756301492,9.500700980424881e-05
Python,10000,0.0014929979806765914,7.153800106607378e-05
Python,10000,0.002068475994747132,8.213499677367508e-05
Python,10000,0.002376346994424239,0.00010782800382003188
Python,10000,0.00257264100946486,0.00010601099347695708
Python,10000,0.002411301014944911,0.00010282298899255693
Python,10000,0.002614166005514562,0.00015367998275905848
Python,10000,0.0027475730166770518,0.00012909597717225552
Python,10000,0.002645242988364771,0.00012654601596295834
Python,30000,0.01649611597531475,0.00106319400947541
Python,30000,0.013034217001404613,0.0005985989992041141
Python,30000,0.01908437901875004,0.0006889450014568865
Python,30000,0.014722033985890448,0.0005798070051241666
Python,30000,0.016709224990336224,0.0005883970006834716
Python,30000,0.014356208994286135,0.0005821350205224007
Python,30000,0.012404145003529266,0.0005927489837631583
Python,30000,0.016373665013816208,0.0005499089893419296
Python,30000,0.01990115101216361,0.001081206981325522
Python,30000,0.0218911950069014,0.004733770998427644
Python,100000,0.14239824799005874,0.006920313026057556
Python,100000,0.14841895099380054,0.009833101998083293
Python,100000,0.15478696301579475,0.005826626002090052
Python,100000,0.09835712998756208,0.006026966002536938
Python,100000,0.0983177240123041,0.005709373974241316
Python,100000,0.09404405998066068,0.005653517000610009
Python,100000,0.09278386298683472,0.005682169023202732
Python,100000,0.0987492470012512,0.0056811920076143
Python,100000,0.0918829989968799,0.005645172990625724
Python,100000,0.09213587301201187,0.005594839982222766
Python,300000,0.720709122979315,0.048330793011700734
Python,300000,0.7318195729749277,0.04833251400850713
Python,300000,0.720772708998993,0.048648127005435526
Python,300000,0.7342980780231301,0.048355121980421245
Python,300000,0.7206065040081739,0.04829369200160727
Python,300000,0.7197406109771691,0.04829539899947122
Python,300000,0.8089469329861458,0.048309937003068626
Python,300000,0.7195226059993729,0.0482618979876861
Python,300000,0.7277673619973939,0.04832530100247823
Python,300000,0.7167971860035323,0.048755727999377996
Python,1000000,7.925988139992114,0.5616184679965954
Python,1000000,7.979793451988371,0.547943835001206
Python,1000000,7.825665160984499,0.5471857690135948
Python,1000000,7.840628295991337,0.5505088919890113
Python,1000000,7.94784831898869,0.5451676750089973
Python,1000000,7.8597193809982855,0.5419930210046005
Python,1000000,7.795902357000159,0.5476427089888602
Python,1000000,7.861026286002016,0.5522774569981266
Python,1000000,7.8187437650049105,0.5490502829779871
Python,1000000,7.76615382701857,0.5421774519782048
GMP,10000,0.000936,0.000109
GMP,10000,0.000883,0.000052
GMP,10000,0.000931,0.000046
GMP,10000,0.000864,0.000044
GMP,10000,0.000777,0.000052
GMP,10000,0.000811,0.000070
GMP,10000,0.000861,0.000056
GMP,10000,0.000822,0.000055
GMP,10000,0.000866,0.000050
GMP,10000,0.000849,0.000057
GMP,30000,0.005109,0.000161
GMP,30000,0.005375,0.000108
GMP,30000,0.003650,0.000118
GMP,30000,0.003425,0.000135
GMP,30000,0.004842,0.000111
GMP,30000,0.004180,0.000161
GMP,30000,0.005266,0.000159
GMP,30000,0.004463,0.000108
GMP,30000,0.004188,0.000118
GMP,30000,0.003802,0.000116
GMP,100000,0.035135,0.000657
GMP,100000,0.038792,0.000702
GMP,100000,0.041477,0.000611
GMP,100000,0.039934,0.000701
GMP,100000,0.041405,0.000739
GMP,100000,0.038507,0.000486
GMP,100000,0.031965,0.000524
GMP,100000,0.036397,0.000500
GMP,100000,0.029963,0.000523
GMP,100000,0.031578,0.000713
GMP,300000,0.290195,0.003383
GMP,300000,0.321788,0.002042
GMP,300000,0.260797,0.002453
GMP,300000,0.253812,0.002074
GMP,300000,0.256045,0.002108
GMP,300000,0.256284,0.002111
GMP,300000,0.249427,0.002011
GMP,300000,0.251691,0.002626
GMP,300000,0.281402,0.002077
GMP,300000,0.261517,0.002110
GMP,1000000,2.828306,0.011184
GMP,1000000,2.855904,0.011132
GMP,1000000,2.781339,0.011246
GMP,1000000,2.828235,0.011329
GMP,1000000,2.856230,0.011112
GMP,1000000,2.860240,0.011007
GMP,1000000,2.813152,0.010907
GMP,1000000,2.871781,0.011651
GMP,1000000,2.811662,0.011130
GMP,1000000,2.830100,0.010840

Attaswift,10000,0.027480738,0.000842145
Attaswift,10000,0.021346811,0.000543491
Attaswift,10000,0.021935564,0.001350319
Attaswift,10000,0.050259904,0.000510991
Attaswift,10000,0.055135765,0.000510511
Attaswift,10000,0.045388265,0.003419489
Attaswift,10000,0.013183259,0.010411244
Attaswift,10000,0.017748517,0.006312871
Attaswift,10000,0.0226589,0.004548212
Attaswift,10000,0.017633054,0.00087186
Attaswift,30000,0.242887605,0.012163591
Attaswift,30000,0.123942189,0.005157042
Attaswift,30000,0.1274261,0.004982211
Attaswift,30000,0.162285081,0.003516543
Attaswift,30000,0.257771386,0.01389701
Attaswift,30000,0.221639675,0.004477301
Attaswift,30000,0.118559185,0.004646189
Attaswift,30000,0.103331835,0.004002791
Attaswift,30000,0.098639737,0.004194646
Attaswift,30000,0.102515824,0.004130666
Attaswift,100000,1.076199341,0.059409286
Attaswift,100000,0.904332409,0.081585838
Attaswift,100000,0.914713748,0.036302133
Attaswift,100000,1.155671368,0.036368611
Attaswift,100000,0.913772692,0.025563436
Attaswift,100000,0.687708707,0.027859975
Attaswift,100000,0.615836925,0.025772077
Attaswift,100000,0.712883376,0.037821086
Attaswift,100000,0.693161209,0.028852568
Attaswift,100000,0.632021304,0.026995882
Attaswift,300000,6.558941941,0.236168046
Attaswift,300000,6.800418411000001,0.336139466
Attaswift,300000,6.772143986,0.237531029
Attaswift,300000,5.414301052,0.223012544
Attaswift,300000,5.205487576,0.221644879
Attaswift,300000,5.171031042,0.218654526
Attaswift,300000,4.899775375000001,0.217895251
Attaswift,300000,4.871568974,0.217740751
Attaswift,300000,6.427258907000001,0.225954111
Attaswift,300000,7.484393338,0.220482997
Attaswift,1000000,67.219242462,2.613834964
Attaswift,1000000,56.707018176,2.429412717
Attaswift,1000000,54.479506525999994,2.435100382
Attaswift,1000000,53.703050597,2.451630758
Attaswift,1000000,54.143320148,2.448294586
Attaswift,1000000,54.291965266000005,2.478353305
Attaswift,1000000,55.647668610000004,2.479462314
Attaswift,1000000,54.35924816799999,2.455716095
Attaswift,1000000,54.387779447,2.451559911
Attaswift,1000000,55.033348673,2.466092661
Numberick,10000,0.013320141,0.00044556
Numberick,10000,0.003927311,0.00199478
Numberick,10000,0.004142267,0.000258709
Numberick,10000,0.003906656,0.000252584
Numberick,10000,0.025328135,0.000249834
Numberick,10000,0.00412175,0.000266232
Numberick,10000,0.003710485,0.006138853
Numberick,10000,0.003837586,0.008304426
Numberick,10000,0.003869705,0.010520133
Numberick,10000,0.004037078,0.007801541
Numberick,30000,0.050788651,0.001882645
Numberick,30000,0.072512552,0.001947221
Numberick,30000,0.031018655,0.001688116
Numberick,30000,0.051578509,0.011947899
Numberick,30000,0.080643256,0.001761179
Numberick,30000,0.051536829,0.001767693
Numberick,30000,0.054435144,0.002427157
Numberick,30000,0.045786706,0.003889032
Numberick,30000,0.030503215,0.001897001
Numberick,30000,0.030738984,0.001849629
Numberick,100000,0.329846614,0.020075545
Numberick,100000,0.308144428,0.019795958
Numberick,100000,0.448429741,0.058186244
Numberick,100000,0.28763068,0.017658964
Numberick,100000,0.271724938,0.018386151
Numberick,100000,0.237756761,0.01629599
Numberick,100000,0.252451065,0.015969811
Numberick,100000,0.366063791,0.016883255
Numberick,100000,0.238798695,0.016328458
Numberick,100000,0.23899926,0.016486861
Numberick,300000,2.174860795,0.154431061
Numberick,300000,2.261997028,0.157792245
Numberick,300000,2.145914888,0.141890673
Numberick,300000,2.200045974,0.141954705
Numberick,300000,2.100614995,0.141615551
Numberick,300000,2.056977353,0.141288115
Numberick,300000,2.070064822,0.140860044
Numberick,300000,2.095947524,0.140755918
Numberick,300000,2.156894495,0.164638551
Numberick,300000,2.094628927,0.143855843
Numberick,1000000,23.878574515,1.749392893
Numberick,1000000,22.521349222,1.574614734
Numberick,1000000,22.654288987,1.57310046
Numberick,1000000,22.738738334999997,1.610277223
Numberick,1000000,22.778941474,1.575735465
Numberick,1000000,22.937786439,1.590548086
Numberick,1000000,22.616782656,1.569335596
Numberick,1000000,23.085673413,1.562934629
Numberick,1000000,22.633572953,1.57045425
Numberick,1000000,22.554384057,1.575004051
Violet,10000,0.003972464,0.000365829
Violet,10000,0.007135628,0.000266731
Violet,10000,0.002088753,0.016511897
Violet,10000,0.001998974,0.000254232
Violet,10000,0.002030062,0.000254641
Violet,10000,0.001796703,0.014187662
Violet,10000,0.001855897,0.000267509
Violet,10000,0.001962822,0.001988867
Violet,10000,0.00166423,0.000527634
Violet,10000,0.001851563,0.004470322
Violet,30000,0.015615757,0.00993342
Violet,30000,0.01598974,0.001833877
Violet,30000,0.02270836,0.011806811
Violet,30000,0.017590538,0.01041711
Violet,30000,0.044418174,0.001773858
Violet,30000,0.012851806,0.012829079
Violet,30000,0.016824076,0.002723317
Violet,30000,0.012389779,0.007665193
Violet,30000,0.012997026,0.003480054
Violet,30000,0.01627747,0.002375518
Violet,100000,0.230629909,0.018619021
Violet,100000,0.224479398,0.045378272
Violet,100000,0.253543465,0.049442526
Violet,100000,0.133898509,0.021692974
Violet,100000,0.070191769,0.016955348
Violet,100000,0.067908058,0.016195565
Violet,100000,0.066803318,0.016254422
Violet,100000,0.109442295,0.020244749
Violet,100000,0.088857148,0.017026571
Violet,100000,0.064897552,0.016006794
Violet,300000,0.529189526,0.142083617
Violet,300000,0.979582653,0.15524753
Violet,300000,0.523371836,0.149617477
Violet,300000,0.508496951,0.148544544
Violet,300000,0.526306928,0.17043038
Violet,300000,0.551349377,0.140853347
Violet,300000,0.477721965,0.140713384
Violet,300000,0.48002944,0.141417197
Violet,300000,0.579694214,0.159907231
Violet,300000,0.483929325,0.141877021
Violet,1000000,5.508623828,1.598437981
Violet,1000000,5.249592848,1.599344576
Violet,1000000,5.236591786,1.577167491
Violet,1000000,5.385244515,1.572383959
Violet,1000000,5.339720852,1.603423429
Violet,1000000,5.721735515000001,1.578434874
Violet,1000000,5.458067208,1.589734128
Violet,1000000,5.334876794,1.587909469
Violet,1000000,5.283858077,1.575890574
Violet,1000000,5.367798498,1.577942856
Node,10000,0.006732537,0.003921561
Node,10000,0.002695812,0.000135136
Node,10000,0.002821506,0.000128371
Node,10000,0.002497326,0.000121529
Node,10000,0.002936162,0.000783366
Node,10000,0.002621496,0.00055771
Node,10000,0.003532955,0.000130776
Node,10000,0.002382114,0.000133155
Node,10000,0.002466728,0.000429106
Node,10000,0.004672972,0.000208981
Node,30000,0.016788158,0.00013767
Node,30000,0.016264946,0.000242604
Node,30000,0.017385141,0.000292367
Node,30000,0.017036306,0.000144241
Node,30000,0.02023656,0.000197509
Node,30000,0.01967255,0.000158176
Node,30000,0.017080162,0.000387298
Node,30000,0.018068589,0.000164806
Node,30000,0.016845523,0.000173439
Node,30000,0.016431175,0.000112752
Node,100000,0.19236528900000005,0.00037694
Node,100000,0.164465812,0.000475493
Node,100000,0.114625576,0.000374429
Node,100000,0.135629933,0.004107085
Node,100000,0.178977293,0.002721862
Node,100000,0.114974297,0.000434576
Node,100000,0.108157957,0.000859572
Node,100000,0.104677011,0.000479875
Node,100000,0.10185482899999998,0.000447979
Node,100000,0.10018454,0.00044624
Node,300000,0.8629814259999999,0.000747665
Node,300000,0.953926516,0.000819355
Node,300000,0.896201714,0.000862511
Node,300000,0.88854916,0.001010516
Node,300000,0.9053330470000001,0.000802719
Node,300000,0.8445302690000001,0.000912504
Node,300000,0.875859055,0.001238388
Node,300000,0.883562184,0.00075266
Node,300000,0.890207492,0.00082908
Node,300000,0.886960399,0.000720911
Node,1000000,9.891842387,0.0185689
Node,1000000,9.731684352,0.013805941
Node,1000000,9.64912782,0.015108644
Node,1000000,9.695138988,0.022558844
Node,1000000,9.655554545,0.014792251
Node,1000000,9.856277899,0.01492178
Node,1000000,9.723426991,0.023282025
Node,1000000,10.15894745,0.022851583
Node,1000000,11.003529559,0.015745542
Node,1000000,9.683279883,0.015707349
Python,10000,0.001679353998042643,9.145401418209076e-05
Python,10000,0.0016835909918881953,7.718900451436639e-05
Python,10000,0.001766747998772189,8.654702105559409e-05
Python,10000,0.0022912229760549963,0.0001055570028256625
Python,10000,0.0026761140034068376,0.00011052098125219345
Python,10000,0.0027625570073723793,0.00010825498611666262
Python,10000,0.0028265069995541126,0.0001051110157277435
Python,10000,0.0028582019731402397,0.00010915001621469855
Python,10000,0.002778370020678267,0.00010762599413283169
Python,10000,0.0028495699807535857,0.0001064930111169815
Python,30000,0.01876151899341494,0.0010707869951147586
Python,30000,0.01878695300547406,0.0006711730093229562
Python,30000,0.019197474990505725,0.0006630090065300465
Python,30000,0.015045640000607818,0.0012100229796487838
Python,30000,0.014863821008475497,0.0009623559890314937
Python,30000,0.018174102995544672,0.0006243289972189814
Python,30000,0.016341139998985454,0.0005958719993941486
Python,30000,0.015563632972771302,0.0005548290209844708
Python,30000,0.01777824998134747,0.0008176420233212411
Python,30000,0.01265033200616017,0.0006647839909419417
Python,100000,0.1319193230010569,0.009080943011213094
Python,100000,0.11573965198476799,0.005664835014613345
Python,100000,0.09241189801832661,0.005658802983816713
Python,100000,0.09878912000567652,0.005567068001255393
Python,100000,0.09391851199325174,0.0055884820176288486
Python,100000,0.09600113099440932,0.005619594012387097
Python,100000,0.14535451799747534,0.006779815012123436
Python,100000,0.11437050299718976,0.005672347993822768
Python,100000,0.092968145996565,0.005632654007058591
Python,100000,0.09144039699458517,0.0056074179883580655
Python,300000,0.7156816570204683,0.048278098984155804
Python,300000,0.7198589350155089,0.048256173002300784
Python,300000,0.7458442480128724,0.04834003298310563
Python,300000,0.7203129540139344,0.04829453999991529
Python,300000,0.7228900110058021,0.048324809002224356
Python,300000,0.7168142709997483,0.04827665799530223
Python,300000,0.7201500419760123,0.04832458001328632
Python,300000,0.7139049829856958,0.04834217799361795
Python,300000,0.7190263450029306,0.04818693597917445
Python,300000,0.7173140539962333,0.04830013899481855
Python,1000000,8.797793559002457,0.5461136550002266
Python,1000000,8.800146813999163,0.5560200370091479
Python,1000000,8.1496198179957,0.5532676049915608
Python,1000000,7.9939326030144,0.5504431089793798
Python,1000000,9.3736884460086,0.542011076991912
Python,1000000,8.002686260995688,0.5534527160052676
Python,1000000,8.100677884009201,0.5514140530140139
Python,1000000,7.817325017997064,0.5473205359885469
Python,1000000,8.030734908999875,0.5466439299925696
Python,1000000,7.80289042001823,0.5483059349935502
GMP,10000,0.001042,0.000114
GMP,10000,0.000850,0.000056
GMP,10000,0.000884,0.000043
GMP,10000,0.000721,0.000032
GMP,10000,0.000441,0.000031
GMP,10000,0.000850,0.000060
GMP,10000,0.000605,0.000040
GMP,10000,0.000444,0.000035
GMP,10000,0.001056,0.000055
GMP,10000,0.000654,0.000052
GMP,30000,0.005074,0.000152
GMP,30000,0.004772,0.000135
GMP,30000,0.005117,0.000109
GMP,30000,0.005164,0.000141
GMP,30000,0.003244,0.000117
GMP,30000,0.003505,0.000116
GMP,30000,0.005045,0.000113
GMP,30000,0.005078,0.000144
GMP,30000,0.005326,0.000148
GMP,30000,0.005104,0.000162
GMP,100000,0.035978,0.000640
GMP,100000,0.038670,0.000682
GMP,100000,0.039832,0.000699
GMP,100000,0.040542,0.000690
GMP,100000,0.039550,0.000708
GMP,100000,0.042645,0.000758
GMP,100000,0.040244,0.000652
GMP,100000,0.037159,0.000505
GMP,100000,0.034236,0.000729
GMP,100000,0.032924,0.000476
GMP,300000,0.299710,0.002148
GMP,300000,0.253446,0.002037
GMP,300000,0.252765,0.002117
GMP,300000,0.253957,0.002031
GMP,300000,0.255373,0.002117
GMP,300000,0.252006,0.002240
GMP,300000,0.254811,0.002038
GMP,300000,0.257454,0.002164
GMP,300000,0.256250,0.002129
GMP,300000,0.261653,0.002103
GMP,1000000,2.847205,0.011326
GMP,1000000,2.836798,0.010993
GMP,1000000,2.811638,0.011881
GMP,1000000,2.839440,0.010784
GMP,1000000,2.819891,0.011066
GMP,1000000,2.894908,0.010817
GMP,1000000,2.770066,0.010812
GMP,1000000,2.927344,0.011630
GMP,1000000,3.189373,0.013717
GMP,1000000,2.873716,0.010947

Attaswift,10000,0.015280913,0.000791152
Attaswift,10000,0.009811946,0.000434479
Attaswift,10000,0.009721219,0.000364754
Attaswift,10000,0.00709236,0.000514313
Attaswift,10000,0.009154889,0.000337718
Attaswift,10000,0.00773878,0.000351416
Attaswift,10000,0.006969962,0.000345776
Attaswift,10000,0.007809125,0.000476545
Attaswift,10000,0.007561496,0.000539327
Attaswift,10000,0.007217714,0.000506292
Attaswift,30000,0.063888584,0.002417939
Attaswift,30000,0.062640935,0.002694704
Attaswift,30000,0.061477447,0.00239306
Attaswift,30000,0.060219919,0.003038641
Attaswift,30000,0.086002206,0.0036638
Attaswift,30000,0.169409944,0.008318223
Attaswift,30000,0.133950737,0.005182085
Attaswift,30000,0.057326254,0.002545613
Attaswift,30000,0.056067067,0.003123298
Attaswift,30000,0.055980551,0.002465259
Attaswift,100000,0.552379118,0.025076852
Attaswift,100000,0.560932784,0.025115705
Attaswift,100000,0.543982491,0.024915539
Attaswift,100000,0.548023631,0.024923972
Attaswift,100000,0.557361023,0.024936654
Attaswift,100000,0.545225628,0.02564064
Attaswift,100000,0.543571099,0.02495675
Attaswift,100000,0.777253897,0.025011366
Attaswift,100000,0.542002883,0.025045287
Attaswift,100000,0.54260995,0.024846189
Attaswift,300000,4.871911436,0.22271116
Attaswift,300000,4.923472522,0.21837541
Attaswift,300000,5.203841818,0.219667389
Attaswift,300000,4.9739152230000006,0.218736926
Attaswift,300000,4.845554187,0.218141885
Attaswift,300000,4.784797516,0.220822193
Attaswift,300000,4.904169382,0.222044769
Attaswift,300000,4.819164418,0.220485897
Attaswift,300000,4.832581198,0.218017938
Attaswift,300000,4.821913384,0.219074526
Attaswift,1000000,53.82873045,2.46180827
Attaswift,1000000,53.909118666,2.458014474
Attaswift,1000000,54.254759384,2.491204151
Attaswift,1000000,53.994983312,2.471173728
Attaswift,1000000,54.003943913,2.478467359
Attaswift,1000000,53.815513824,2.504128184
Attaswift,1000000,54.42692768,2.459292772
Attaswift,1000000,54.273362321,2.459864242
Attaswift,1000000,53.766487981999994,2.437614675
Attaswift,1000000,54.655456178,2.46477622
Numberick,10000,0.003448696,0.000365854
Numberick,10000,0.00359271,0.000270755
Numberick,10000,0.003692414,0.000288537
Numberick,10000,0.003867854,0.000220379
Numberick,10000,0.002788022,0.000192809
Numberick,10000,0.003208121,0.000235103
Numberick,10000,0.003284383,0.000256272
Numberick,10000,0.002812751,0.000229957
Numberick,10000,0.00287576,0.000201001
Numberick,10000,0.003184016,0.000229311
Numberick,30000,0.034427803,0.001803872
Numberick,30000,0.025453631,0.001733966
Numberick,30000,0.024957055,0.001716624
Numberick,30000,0.033270262,0.001900647
Numberick,30000,0.024284718,0.001587602
Numberick,30000,0.054313658,0.004248463
Numberick,30000,0.025006905,0.001620287
Numberick,30000,0.024191877,0.001496116
Numberick,30000,0.02542801,0.001569395
Numberick,30000,0.02522702,0.001502273
Numberick,100000,0.23135183,0.016085403
Numberick,100000,0.233176161,0.01611308
Numberick,100000,0.234228104,0.015898106
Numberick,100000,0.232390169,0.015877079
Numberick,100000,0.233957146,0.016099013
Numberick,100000,0.235017661,0.016113612
Numberick,100000,0.234272924,0.018886799
Numberick,100000,0.233790356,0.016080001
Numberick,100000,0.235205665,0.015792991
Numberick,100000,0.25340552,0.016115637
Numberick,300000,2.03266772,0.140921335
Numberick,300000,2.038100219,0.142541978
Numberick,300000,2.029994077,0.145716064
Numberick,300000,2.033388715,0.155258256
Numberick,300000,2.071643758,0.141938393
Numberick,300000,2.114311546,0.140997095
Numberick,300000,2.034266014,0.142040716
Numberick,300000,2.03096827,0.141179584
Numberick,300000,2.043548341,0.141098943
Numberick,300000,2.042518549,0.142143187
Numberick,1000000,22.538037595000002,1.694433933
Numberick,1000000,22.732854059,1.578757289
Numberick,1000000,22.541611584,1.570286707
Numberick,1000000,22.645181177999998,1.578267216
Numberick,1000000,22.747005077,1.576837605
Numberick,1000000,22.672344317,1.601070511
Numberick,1000000,22.475850078,1.576782585
Numberick,1000000,22.707223260000003,1.569240209
Numberick,1000000,22.569580225000003,1.575935827
Numberick,1000000,22.497158204,1.575592757
Violet,10000,0.00158814,0.000287339
Violet,10000,0.001900224,0.000233404
Violet,10000,0.001310929,0.000242856
Violet,10000,0.001185203,0.000225908
Violet,10000,0.001449006,0.000196312
Violet,10000,0.002654941,0.000234738
Violet,10000,0.00175011,0.000255838
Violet,10000,0.001216483,0.000201597
Violet,10000,0.002446576,0.000265273
Violet,10000,0.001925865,0.000285828
Violet,30000,0.009393852,0.001770486
Violet,30000,0.009901468,0.001520485
Violet,30000,0.007478069,0.001572276
Violet,30000,0.009594668,0.001834821
Violet,30000,0.009791427,0.001519792
Violet,30000,0.024709581,0.00200917
Violet,30000,0.011762286,0.001736965
Violet,30000,0.007573117,0.001532205
Violet,30000,0.010552172,0.001696572
Violet,30000,0.009792687,0.001860155
Violet,100000,0.061807056,0.016379017
Violet,100000,0.060256181,0.016145586
Violet,100000,0.064480596,0.016385958
Violet,100000,0.063211455,0.016048517
Violet,100000,0.061273152,0.016222714
Violet,100000,0.070914849,0.016804923
Violet,100000,0.060184848,0.016201677
Violet,100000,0.062676208,0.016341899
Violet,100000,0.063884418,0.016266011
Violet,100000,0.064440793,0.016071875
Violet,300000,0.479403689,0.142312568
Violet,300000,0.478349099,0.141421067
Violet,300000,0.48170737,0.141773621
Violet,300000,0.484044026,0.14294856
Violet,300000,0.479823051,0.142426477
Violet,300000,0.478387939,0.140927965
Violet,300000,0.523538549,0.141949984
Violet,300000,0.479805508,0.143757001
Violet,300000,0.478764054,0.141106524
Violet,300000,0.479654617,0.141463265
Violet,1000000,5.364207153,1.570455685
Violet,1000000,5.276065658,1.572680473
Violet,1000000,5.446333234,1.58669188
Violet,1000000,5.376789712999999,1.577199628
Violet,1000000,5.333564034,1.575031181
Violet,1000000,5.28551687,1.605519141
Violet,1000000,5.276854343,1.573482553
Violet,1000000,5.264957518,1.579350982
Violet,1000000,5.3874184089999995,1.586749307
Violet,1000000,5.24237574,1.5778866
Node,10000,0.012153366,0.003920369
Node,10000,0.002790231,0.000124466
Node,10000,0.002658098,0.0001541
Node,10000,0.002196238,0.000107618
Node,10000,0.002763409,0.000137001
Node,10000,0.002399438,0.000185705
Node,10000,0.002495271,0.000152255
Node,10000,0.001864658,0.000114371
Node,10000,0.001721007,0.000310656
Node,10000,0.002481009,0.000170096
Node,30000,0.01559152,0.000186655
Node,30000,0.01294149,0.000258699
Node,30000,0.014698796,0.000190354
Node,30000,0.013061233,0.000157066
Node,30000,0.012448808,0.000141243
Node,30000,0.012326971,0.000215042
Node,30000,0.012701712,0.000216139
Node,30000,0.012511181,0.000122032
Node,30000,0.013334917,0.00015587
Node,30000,0.011495561,0.000132663
Node,100000,0.111966491,0.00040093
Node,100000,0.104054696,0.000354312
Node,100000,0.10255711,0.000419911
Node,100000,0.105633563,0.00034876
Node,100000,0.100575093,0.000427987
Node,100000,0.101040406,0.000467906
Node,100000,0.15857253299999996,0.000527031
Node,100000,0.109383159,0.000352476
Node,100000,0.099562545,0.000438485
Node,100000,0.098668723,0.000423061
Node,300000,0.853387186,0.00082812
Node,300000,0.871923602,0.000849877
Node,300000,0.840243029,0.0009176
Node,300000,0.844423624,0.000819373
Node,300000,0.845122709,0.00083929
Node,300000,0.846156811,0.000879599
Node,300000,0.8418489,0.000925818
Node,300000,0.899034267,0.000881921
Node,300000,0.847575764,0.000851256
Node,300000,0.842476732,0.00086817
Node,1000000,9.57457485,0.027931622
Node,1000000,9.813051139,0.018420112
Node,1000000,9.594950346,0.019017428
Node,1000000,9.564604199,0.016319318
Node,1000000,9.704003142,0.017716705
Node,1000000,9.569313446,0.024638794
Node,1000000,9.617042476,0.015031097
Node,1000000,9.622981458,0.015319207
Node,1000000,9.856206354,0.018986802
Node,1000000,9.641444306,0.043844264
Python,10000,0.0017665749765001237,0.00010753000969998538
Python,10000,0.0015321969985961914,8.495399379171431e-05
Python,10000,0.0014606979966629297,7.590799941681325e-05
Python,10000,0.0014368580013979226,7.788499351590872e-05
Python,10000,0.0027824730204883963,0.00010064698290079832
Python,10000,0.0015551669930573553,9.832900832407176e-05
Python,10000,0.0015123339835554361,9.421401773579419e-05
Python,10000,0.0028203430119901896,0.00013995100744068623
Python,10000,0.003283290978288278,0.0001368910016026348
Python,10000,0.001872633001767099,9.439198765903711e-05
Python,30000,0.012337224005023018,0.0005737860046792775
Python,30000,0.012356612016446888,0.0005622209864668548
Python,30000,0.017337728990241885,0.0005486570007633418
Python,30000,0.013351757981581613,0.0008454930211883038
Python,30000,0.011734777974197641,0.000580474006710574
Python,30000,0.013144811993697658,0.0006060939922463149
Python,30000,0.014877314999466762,0.0005507240130100399
Python,30000,0.01287624699762091,0.0005996590189170092
Python,30000,0.012687673006439582,0.0005785929970443249
Python,30000,0.015562176995445043,0.0005393519822973758
Python,100000,0.09652184299193323,0.009588116023223847
Python,100000,0.1102757080225274,0.00450094198458828
Python,100000,0.1296653269964736,0.004485090001253411
Python,100000,0.10107891299412586,0.0045444670249708
Python,100000,0.10235639699385501,0.004430161992786452
Python,100000,0.10934696398908272,0.004533327009994537
Python,100000,0.09952317099669017,0.004433077003341168
Python,100000,0.09767114798887633,0.004465745005290955
Python,100000,0.10465385898714885,0.004452630004379898
Python,100000,0.10687311500078067,0.004550493991700932
Python,300000,0.7744205390044954,0.015379181015305221
Python,300000,0.7772264539962634,0.015349491004599258
Python,300000,0.7966151580039877,0.01503193800454028
Python,300000,0.794445656996686,0.015109197003766894
Python,300000,0.7975765480077825,0.015254263009410352
Python,300000,0.7714376740041189,0.015065358980791643
Python,300000,0.7937759339984041,0.015112528024474159
Python,300000,0.9318135530047584,0.016350249003153294
Python,300000,0.7861775869969279,0.015224751987261698
Python,300000,0.7795485099777579,0.016050664009526372
Python,1000000,8.296839193993947,0.08165100699989125
Python,1000000,8.12726861500414,0.09184937801910564
Python,1000000,8.337221523019252,0.08256863598944619
Python,1000000,8.35026355800801,0.08524203300476074
Python,1000000,8.223556370998267,0.08662178399390541
Python,1000000,8.378338470007293,0.1036520809866488
Python,1000000,8.485694931005128,0.10914106099517085
Python,1000000,8.179160831990885,0.08531370002310723
Python,1000000,8.546577253000578,0.0910304709977936
Python,1000000,8.16457326701493,0.08465316100046039
GMP,10000,0.000876,0.000104
GMP,10000,0.000822,0.000059
GMP,10000,0.000810,0.000050
GMP,10000,0.000934,0.000051
GMP,10000,0.001068,0.000044
GMP,10000,0.001287,0.000049
GMP,10000,0.001085,0.000044
GMP,10000,0.001309,0.000033
GMP,10000,0.000853,0.000056
GMP,10000,0.000859,0.000056
GMP,30000,0.004147,0.000128
GMP,30000,0.003276,0.000158
GMP,30000,0.004581,0.000161
GMP,30000,0.005082,0.000170
GMP,30000,0.006163,0.000111
GMP,30000,0.004735,0.000133
GMP,30000,0.004546,0.000113
GMP,30000,0.003589,0.000111
GMP,30000,0.005064,0.000126
GMP,30000,0.003669,0.000162
GMP,100000,0.029157,0.000488
GMP,100000,0.032123,0.000470
GMP,100000,0.031729,0.000550
GMP,100000,0.030149,0.000461
GMP,100000,0.031737,0.000464
GMP,100000,0.029179,0.000463
GMP,100000,0.029390,0.000569
GMP,100000,0.029161,0.000438
GMP,100000,0.039726,0.000708
GMP,100000,0.039764,0.000682
GMP,300000,0.255625,0.002071
GMP,300000,0.277411,0.002137
GMP,300000,0.249676,0.002112
GMP,300000,0.251800,0.002123
GMP,300000,0.266427,0.002331
GMP,300000,0.255096,0.002081
GMP,300000,0.253837,0.002042
GMP,300000,0.252050,0.002047
GMP,300000,0.250905,0.002064
GMP,300000,0.262814,0.002116
GMP,1000000,2.871081,0.010983
GMP,1000000,2.848096,0.011327
GMP,1000000,2.842473,0.010960
GMP,1000000,2.886309,0.011056
GMP,1000000,2.850075,0.010775
GMP,1000000,2.850022,0.011083
GMP,1000000,2.828526,0.011003
GMP,1000000,2.874858,0.010860
GMP,1000000,2.840359,0.010814
GMP,1000000,2.970877,0.011050
Attaswift,10000,0.035805391,0.002286552
Attaswift,10000,0.020492478,0.000666153
Attaswift,10000,0.010470901,0.000657382
Attaswift,10000,0.007575469,0.000485512
Attaswift,10000,0.006395007,0.000487497
Attaswift,10000,0.007582396,0.000349891
Attaswift,10000,0.009622773,0.0004725
Attaswift,10000,0.007032815,0.000334358
Attaswift,10000,0.008381999,0.000340539
Attaswift,10000,0.006615709,0.000507967
Attaswift,30000,0.058005159,0.003432473
Attaswift,30000,0.057732221,0.002409253
Attaswift,30000,0.057751206,0.002427534
Attaswift,30000,0.056790116,0.002516997
Attaswift,30000,0.055682363,0.002591956
Attaswift,30000,0.143594061,0.002609696
Attaswift,30000,0.057976138,0.002550272
Attaswift,30000,0.054683142,0.002376927
Attaswift,30000,0.058110751,0.002404959
Attaswift,30000,0.052518038,0.002373189
Attaswift,100000,0.559136111,0.025017011
Attaswift,100000,0.564509374,0.024894792
Attaswift,100000,0.544360643,0.024841405
Attaswift,100000,0.544301859,0.024805386
Attaswift,100000,0.548176636,0.02494471
Attaswift,100000,0.588762698,0.026371196
Attaswift,100000,0.542911212,0.02494564
Attaswift,100000,0.696597731,0.024901348
Attaswift,100000,0.547150764,0.025801568
Attaswift,100000,0.566231342,0.025053008
Attaswift,300000,4.964228683000001,0.219913501
Attaswift,300000,4.962723371000001,0.22071846
Attaswift,300000,4.954432012,0.218049717
Attaswift,300000,4.899190577,0.218420989
Attaswift,300000,5.018666062,0.221100048
Attaswift,300000,4.9311623529999995,0.221511526
Attaswift,300000,4.960530242,0.220573803
Attaswift,300000,4.863313871000001,0.218781132
Attaswift,300000,5.017572445,0.222785732
Attaswift,300000,5.0505812070000005,0.218574193
Attaswift,1000000,54.523971353,2.441178301
Attaswift,1000000,54.327268308,2.447527142
Attaswift,1000000,54.765770681,2.466929968
Attaswift,1000000,53.906009101,2.556951342
Attaswift,1000000,54.59587298100001,2.444315728
Attaswift,1000000,54.116431933,2.44052127
Attaswift,1000000,54.381415264999994,2.577692568
Attaswift,1000000,54.271008367,2.469559924
Attaswift,1000000,53.983038158,2.462989396
Attaswift,1000000,54.610747572,2.440179909
Numberick,10000,0.014310103,0.000896777
Numberick,10000,0.005367125,0.00030574
Numberick,10000,0.004522617,0.000254301
Numberick,10000,0.003428929,0.000233646
Numberick,10000,0.002940082,0.000239319
Numberick,10000,0.002978354,0.000197939
Numberick,10000,0.003132137,0.000215212
Numberick,10000,0.003833258,0.000247322
Numberick,10000,0.002922906,0.000206736
Numberick,10000,0.00369274,0.00027603
Numberick,30000,0.024838534,0.001537497
Numberick,30000,0.02397855,0.001727345
Numberick,30000,0.025561843,0.00151849
Numberick,30000,0.025357749,0.001577294
Numberick,30000,0.025436585,0.001776157
Numberick,30000,0.025782846,0.001577725
Numberick,30000,0.024396554,0.001560504
Numberick,30000,0.024302788,0.001585597
Numberick,30000,0.023798332,0.001759353
Numberick,30000,0.024404201,0.001540145
Numberick,100000,0.232495853,0.015866727
Numberick,100000,0.233126686,0.016692238
Numberick,100000,0.234528912,0.015846382
Numberick,100000,0.234785637,0.016127879
Numberick,100000,0.235596736,0.01603999
Numberick,100000,0.233954536,0.015978071
Numberick,100000,0.235425688,0.016145457
Numberick,100000,0.232597274,0.015966438
Numberick,100000,0.23340091,0.015986921
Numberick,100000,0.233986121,0.016089581
Numberick,300000,2.027967478,0.141108036
Numberick,300000,2.031336137,0.141274425
Numberick,300000,2.03128042,0.140403474
Numberick,300000,2.03985238,0.141252154
Numberick,300000,2.056663499,0.140961904
Numberick,300000,2.105943982,0.141249824
Numberick,300000,2.055325157,0.141005132
Numberick,300000,2.030601457,0.140676355
Numberick,300000,2.036439147,0.141280609
Numberick,300000,2.047030837,0.141223176
Numberick,1000000,22.738390238,1.571604035
Numberick,1000000,22.940405268,1.57313473
Numberick,1000000,22.442074572000003,1.579513624
Numberick,1000000,22.634816052999998,1.582056048
Numberick,1000000,22.623121664,1.624694444
Numberick,1000000,22.798494959,1.570330187
Numberick,1000000,22.504044691,1.571433614
Numberick,1000000,22.584676294999998,1.572959349
Numberick,1000000,22.631410963,1.577246263
Numberick,1000000,22.624357571999997,1.579164181
Violet,10000,0.006653834,0.00138047
Violet,10000,0.003667612,0.00044752
Violet,10000,0.001757861,0.000273802
Violet,10000,0.001825059,0.00023981
Violet,10000,0.00167831,0.000200008
Violet,10000,0.001093307,0.000204948
Violet,10000,0.001820017,0.00023626
Violet,10000,0.00106878,0.00019245
Violet,10000,0.001074203,0.000192349
Violet,10000,0.001893636,0.000242552
Violet,30000,0.011000268,0.00173856
Violet,30000,0.00726326,0.001507346
Violet,30000,0.007155652,0.001530028
Violet,30000,0.008917313,0.001737668
Violet,30000,0.007767876,0.001733351
Violet,30000,0.010548931,0.001761831
Violet,30000,0.010927394,0.001653345
Violet,30000,0.007607558,0.001541857
Violet,30000,0.011110205,0.001699572
Violet,30000,0.007560495,0.001532117
Violet,100000,0.062225075,0.016050276
Violet,100000,0.063048036,0.016020389
Violet,100000,0.06365392,0.016075985
Violet,100000,0.06320612,0.016044497
Violet,100000,0.061616376,0.016075159
Violet,100000,0.063420288,0.016091308
Violet,100000,0.062768353,0.016113369
Violet,100000,0.064930924,0.01598482
Violet,100000,0.061564475,0.015997909
Violet,100000,0.062133764,0.016011008
Violet,300000,0.481839506,0.141018674
Violet,300000,0.478269909,0.140513151
Violet,300000,0.483613188,0.141408186
Violet,300000,0.513272273,0.1420073
Violet,300000,0.481832383,0.140869662
Violet,300000,0.48173592,0.140941397
Violet,300000,0.4807589,0.141621791
Violet,300000,0.483409828,0.141500929
Violet,300000,0.509278242,0.141316887
Violet,300000,0.47833124,0.141000461
Violet,1000000,5.340645392,1.575030902
Violet,1000000,5.256130506,1.684548457
Violet,1000000,5.294096117,1.57560634
Violet,1000000,5.397684654,1.578489561
Violet,1000000,5.340250807,1.573142275
Violet,1000000,5.450939374,1.57655427
Violet,1000000,5.308480096,1.59683909
Violet,1000000,5.26122955,1.633702792
Violet,1000000,5.334840904,1.578006341
Violet,1000000,5.308658611,1.581852827
Node,10000,0.019786389,0.004043544
Node,10000,0.002675555,0.000513879
Node,10000,0.00328408,0.000487421
Node,10000,0.002457507,0.002969697
Node,10000,0.006481794,0.000450395
Node,10000,0.002427452,0.001007424
Node,10000,0.002243897,0.000119377
Node,10000,0.002135673,0.000128288
Node,10000,0.001760697,0.000289994
Node,10000,0.002439922,0.000185029
Node,30000,0.018960193,0.000242999
Node,30000,0.018690388,0.000340498
Node,30000,0.016725627,0.000130412
Node,30000,0.015585016,0.000118739
Node,30000,0.010827805,0.00014042
Node,30000,0.014384435,0.000114026
Node,30000,0.012204907,0.000297236
Node,30000,0.011469759,0.000164405
Node,30000,0.013307166,0.000108143
Node,30000,0.011546438,0.000161622
Node,100000,0.112480781,0.000459903
Node,100000,0.10186475500000003,0.000346236
Node,100000,0.108579437,0.000407689
Node,100000,0.105275514,0.000412389
Node,100000,0.100928018,0.000473364
Node,100000,0.101230146,0.000436817
Node,100000,0.104133966,0.000544579
Node,100000,0.102853564,0.000384362
Node,100000,0.101542418,0.000394041
Node,100000,0.101116978,0.00033025
Node,300000,0.8594565869999999,0.000838801
Node,300000,0.848264797,0.000828753
Node,300000,0.851915816,0.000865589
Node,300000,0.945488219,0.000722785
Node,300000,0.838078398,0.000823321
Node,300000,0.858415861,0.000974899
Node,300000,0.83932769,0.000800826
Node,300000,0.846967341,0.000933454
Node,300000,0.869275924,0.000841885
Node,300000,0.839522023,0.001134099
Node,1000000,9.726813411,0.023363112
Node,1000000,9.583124701,0.021196843
Node,1000000,9.561190902,0.018292154
Node,1000000,9.703249241,0.018638836
Node,1000000,9.74587267,0.015021704
Node,1000000,9.643741141,0.020801972
Node,1000000,9.806984591,0.021792479
Node,1000000,9.708030449,0.034352418
Node,1000000,9.722347238,0.024360544
Node,1000000,9.592356041,0.020776881
Python,10000,0.0019279500120319426,9.477499406784773e-05
Python,10000,0.0016508539847563952,7.353399996645749e-05
Python,10000,0.0019063529907725751,7.32300104573369e-05
Python,10000,0.0014428930007852614,0.00010785000631585717
Python,10000,0.0029785789956804365,0.000171434017829597
Python,10000,0.003034763998584822,0.0001343649928458035
Python,10000,0.0017403060046490282,9.279098594561219e-05
Python,10000,0.0023243899922817945,0.00011090098996646702
Python,10000,0.0027785660058725625,9.844600572250783e-05
Python,10000,0.0016604120028205216,0.00012878997949883342
Python,30000,0.013767235999694094,0.0006247860146686435
Python,30000,0.011868546018376946,0.0006136719894129783
Python,30000,0.016466660978039727,0.0005774590244982392
Python,30000,0.013600800011772662,0.0006317250081337988
Python,30000,0.01344475502264686,0.0005438599910121411
Python,30000,0.014673108991701156,0.0005766389949712902
Python,30000,0.015122961020097136,0.0005424379778560251
Python,30000,0.012453597999410704,0.0008028260199353099
Python,30000,0.011982430005446076,0.0006901170127093792
Python,30000,0.01652750399080105,0.0006277840002439916
Python,100000,0.10320429198327474,0.006372419011313468
Python,100000,0.11359882101533003,0.004337396996561438
Python,100000,0.10131284201634116,0.004418442986207083
Python,100000,0.10238622597535141,0.004402645019581541
Python,100000,0.09918959898641333,0.004219448019284755
Python,100000,0.10229308399721049,0.004508687008637935
Python,100000,0.09999307501129806,0.004452150984434411
Python,100000,0.09715301299002022,0.004790525010321289
Python,100000,0.10118868801509961,0.004328344977693632
Python,100000,0.10536856300313957,0.004476053989492357
Python,300000,0.7638430100050755,0.015821484004845843
Python,300000,0.7749903840012848,0.015120480005862191
Python,300000,0.9495251330081373,0.015370838984381407
Python,300000,0.7973496069898829,0.01588993100449443
Python,300000,0.7816499199834652,0.01525765800033696
Python,300000,0.7754995819996111,0.015204586990876123
Python,300000,0.7836863650009036,0.015357672004029155
Python,300000,0.7840114159916993,0.015108203020645306
Python,300000,0.7781439640093595,0.015363766986411065
Python,300000,0.7913962780148722,0.015157655987422913
Python,1000000,8.313924416026566,0.10334132899879478
Python,1000000,8.198653053987073,0.09006442400277592
Python,1000000,8.324270731973229,0.0821722190012224
Python,1000000,8.377422279998427,0.08549017901532352
Python,1000000,8.263639217999298,0.08417261601425707
Python,1000000,8.258488627994666,0.08206206999602728
Python,1000000,8.436637673992664,0.08658088801894337
Python,1000000,8.31380912300665,0.09144914700300433
Python,1000000,8.38783816000796,0.08420736598782241
Python,1000000,8.25543988100253,0.08268221199978143
GMP,10000,0.000877,0.000107
GMP,10000,0.000898,0.000069
GMP,10000,0.000768,0.000054
GMP,10000,0.000539,0.000038
GMP,10000,0.000442,0.000033
GMP,10000,0.000449,0.000042
GMP,10000,0.001347,0.000089
GMP,10000,0.000835,0.000055
GMP,10000,0.000834,0.000063
GMP,10000,0.000945,0.000051
GMP,30000,0.005343,0.000134
GMP,30000,0.005368,0.000122
GMP,30000,0.004004,0.000168
GMP,30000,0.003927,0.000162
GMP,30000,0.005367,0.000135
GMP,30000,0.004379,0.000118
GMP,30000,0.004735,0.000151
GMP,30000,0.005507,0.000141
GMP,30000,0.005011,0.000121
GMP,30000,0.004320,0.000156
GMP,100000,0.028852,0.000481
GMP,100000,0.028117,0.000494
GMP,100000,0.029650,0.000513
GMP,100000,0.030731,0.000461
GMP,100000,0.029661,0.000451
GMP,100000,0.032017,0.000487
GMP,100000,0.029870,0.000453
GMP,100000,0.032606,0.000480
GMP,100000,0.032855,0.000529
GMP,100000,0.033263,0.000455
GMP,300000,0.250142,0.002059
GMP,300000,0.255249,0.002038
GMP,300000,0.277199,0.002058
GMP,300000,0.252004,0.002042
GMP,300000,0.250365,0.002105
GMP,300000,0.252528,0.002114
GMP,300000,0.253174,0.002116
GMP,300000,0.252035,0.002082
GMP,300000,0.255025,0.002107
GMP,300000,0.261541,0.002102
GMP,1000000,2.868173,0.010846
GMP,1000000,2.780641,0.010848
GMP,1000000,2.847943,0.011885
GMP,1000000,2.921896,0.010816
GMP,1000000,2.820465,0.010823
GMP,1000000,2.881556,0.011333
GMP,1000000,2.877530,0.011138
GMP,1000000,2.846348,0.014921
GMP,1000000,2.806863,0.010834
GMP,1000000,2.903217,0.010985

Attaswift_inout,10000,0.011368735,0.000682755
Attaswift_inout,10000,0.008301757,0.000341477
Attaswift_inout,10000,0.006513437,0.000450969
Attaswift_inout,10000,0.008516114,0.000523764
Attaswift_inout,10000,0.007507673,0.00036138
Attaswift_inout,10000,0.008714123,0.000338205
Attaswift_inout,10000,0.008602721,0.000389243
Attaswift_inout,10000,0.00764628,0.000355333
Attaswift_inout,10000,0.008779984,0.0005294
Attaswift_inout,10000,0.009701465,0.000484353
Attaswift_inout,30000,0.056750361,0.002473935
Attaswift_inout,30000,0.057142215,0.002477325
Attaswift_inout,30000,0.056507665,0.002807663
Attaswift_inout,30000,0.066266246,0.002412168
Attaswift_inout,30000,0.057785541,0.002539389
Attaswift_inout,30000,0.060818861,0.00245507
Attaswift_inout,30000,0.079806336,0.003552949
Attaswift_inout,30000,0.080513548,0.002406488
Attaswift_inout,30000,0.057910433,0.002426265
Attaswift_inout,30000,0.064068093,0.002898877
Attaswift_inout,100000,0.618697045,0.024876518
Attaswift_inout,100000,0.591265677,0.025639963
Attaswift_inout,100000,0.586283695,0.025181302
Attaswift_inout,100000,0.558513976,0.025094464
Attaswift_inout,100000,0.578659457,0.024972619
Attaswift_inout,100000,0.584318334,0.024961401
Attaswift_inout,100000,0.560619597,0.025000466
Attaswift_inout,100000,0.557068553,0.025109164
Attaswift_inout,100000,0.648761201,0.025142288
Attaswift_inout,100000,0.606734088,0.030878213
Attaswift_inout,300000,4.999295775,0.225168621
Attaswift_inout,300000,5.066302919000001,0.22515963
Attaswift_inout,300000,6.27858631,0.230307202
Attaswift_inout,300000,7.008420189,0.263888503
Attaswift_inout,300000,5.920507252,0.270310575
Attaswift_inout,300000,5.889424216999999,0.234366008
Attaswift_inout,300000,6.822729358,0.263856894
Attaswift_inout,300000,5.7342243569999996,0.253564196
Attaswift_inout,300000,7.650907547,0.270995838
Attaswift_inout,300000,5.7635662,0.257444421
Attaswift_inout,1000000,72.00261674699999,2.7868904
Attaswift_inout,1000000,65.12366533000001,2.706457884
Attaswift_inout,1000000,78.94369943,2.906091534
Attaswift_inout,1000000,75.87564369100001,3.197569978
Attaswift_inout,1000000,78.526686892,3.056498811
Attaswift_inout,1000000,68.340183176,2.847526302
Attaswift_inout,1000000,72.208845793,3.252011233
Attaswift_inout,1000000,62.762491776999994,2.640055517
Attaswift_inout,1000000,71.803485541,2.774950088
Attaswift_inout,1000000,76.263290278,2.730132842
Numberick_inout,10000,0.002686999,0.000280905
Numberick_inout,10000,0.002355143,0.000196215
Numberick_inout,10000,0.002424274,0.000228618
Numberick_inout,10000,0.002608861,0.00021504
Numberick_inout,10000,0.002806389,0.000300377
Numberick_inout,10000,0.002492063,0.000429317
Numberick_inout,10000,0.002990931,0.000242489
Numberick_inout,10000,0.002418694,0.000284349
Numberick_inout,10000,0.002289915,0.000193295
Numberick_inout,10000,0.002502121,0.000205199
Numberick_inout,30000,0.021870546,0.0015811
Numberick_inout,30000,0.021176822,0.001650354
Numberick_inout,30000,0.021357689,0.001548994
Numberick_inout,30000,0.020558629,0.001506954
Numberick_inout,30000,0.021530242,0.001506943
Numberick_inout,30000,0.022539759,0.001475415
Numberick_inout,30000,0.023909019,0.001875223
Numberick_inout,30000,0.020003567,0.001553699
Numberick_inout,30000,0.021642698,0.001615155
Numberick_inout,30000,0.021452311,0.001625245
Numberick_inout,100000,0.213987682,0.016088499
Numberick_inout,100000,0.213383036,0.015786787
Numberick_inout,100000,0.21400955,0.01577657
Numberick_inout,100000,0.21457459,0.015770333
Numberick_inout,100000,0.215654712,0.015829814
Numberick_inout,100000,0.215728112,0.015891007
Numberick_inout,100000,0.214964853,0.015879357
Numberick_inout,100000,0.217029786,0.015966359
Numberick_inout,100000,0.21906291,0.015997737
Numberick_inout,100000,0.215670821,0.015969672
Numberick_inout,300000,1.913876703,0.141893629
Numberick_inout,300000,1.909079982,0.142173351
Numberick_inout,300000,1.927109891,0.149395793
Numberick_inout,300000,1.939416487,0.143198469
Numberick_inout,300000,1.969693939,0.145363938
Numberick_inout,300000,1.996132797,0.151094308
Numberick_inout,300000,1.950250529,0.142313196
Numberick_inout,300000,1.995637949,0.148408152
Numberick_inout,300000,1.995368277,0.149114381
Numberick_inout,300000,1.951265635,0.145573605
Numberick_inout,1000000,21.820235456,1.671723983
Numberick_inout,1000000,21.846050367,1.652605843
Numberick_inout,1000000,21.923834004,1.625280625
Numberick_inout,1000000,21.843578126999997,1.666834998
Numberick_inout,1000000,21.604410326,1.614633398
Numberick_inout,1000000,21.54923612,1.655741799
Numberick_inout,1000000,21.966456228,1.663462364
Numberick_inout,1000000,21.610597091,1.624955611
Numberick_inout,1000000,21.542637789,1.597888352
Numberick_inout,1000000,21.796617726999997,1.64342268
Violet_inout,10000,0.001029053,0.000294484
Violet_inout,10000,0.000628738,0.000190206
Violet_inout,10000,0.000630493,0.000197075
Violet_inout,10000,0.001002374,0.000227882
Violet_inout,10000,0.000673121,0.000205014
Violet_inout,10000,0.000650129,0.000190054
Violet_inout,10000,0.000863471,0.000243349
Violet_inout,10000,0.000805604,0.000207191
Violet_inout,10000,0.000846554,0.000222193
Violet_inout,10000,0.00075953,0.000212206
Violet_inout,30000,0.004239066,0.001553498
Violet_inout,30000,0.004480768,0.001566576
Violet_inout,30000,0.004171582,0.001563077
Violet_inout,30000,0.004488984,0.001610621
Violet_inout,30000,0.004224238,0.001631289
Violet_inout,30000,0.004671633,0.001602022
Violet_inout,30000,0.007126506,0.001801489
Violet_inout,30000,0.004732363,0.001654578
Violet_inout,30000,0.004333405,0.001700261
Violet_inout,30000,0.004506481,0.001595169
Violet_inout,100000,0.044929633,0.0163923
Violet_inout,100000,0.045020088,0.016090655
Violet_inout,100000,0.04643037,0.016258276
Violet_inout,100000,0.047226061,0.016323573
Violet_inout,100000,0.04506371,0.016914199
Violet_inout,100000,0.046615687,0.015996264
Violet_inout,100000,0.046428767,0.016626783
Violet_inout,100000,0.047413235,0.016324705
Violet_inout,100000,0.045819201,0.015951381
Violet_inout,100000,0.048657667,0.016134915
Violet_inout,300000,0.427980143,0.142231318
Violet_inout,300000,0.371840044,0.142149119
Violet_inout,300000,0.367245356,0.143893813
Violet_inout,300000,0.382684508,0.1459647
Violet_inout,300000,0.391677925,0.149217564
Violet_inout,300000,0.376801287,0.141909909
Violet_inout,300000,0.376804741,0.145148919
Violet_inout,300000,0.405465785,0.154242577
Violet_inout,300000,0.414315468,0.141632335
Violet_inout,300000,0.3774468,0.14909075
Violet_inout,1000000,4.090993125,1.63863517
Violet_inout,1000000,4.082616021,1.692548729
Violet_inout,1000000,4.067493331,1.623451937
Violet_inout,1000000,4.356077563,1.661339229
Violet_inout,1000000,4.005434697,1.636266938
Violet_inout,1000000,4.00570751,1.646492253
Violet_inout,1000000,4.205529001,1.622260312
Violet_inout,1000000,3.998141859,1.653349343
Violet_inout,1000000,4.038402651,1.607982831
Violet_inout,1000000,4.140402625,1.584234502
Attaswift_inout,10000,0.027090197,0.001781216
Attaswift_inout,10000,0.027028248,0.000957983
Attaswift_inout,10000,0.01144972,0.000459235
Attaswift_inout,10000,0.01068838,0.000475349
Attaswift_inout,10000,0.010074148,0.000394802
Attaswift_inout,10000,0.011388888,0.000504962
Attaswift_inout,10000,0.011859886,0.000467776
Attaswift_inout,10000,0.009622152,0.000496483
Attaswift_inout,10000,0.00798024,0.000347166
Attaswift_inout,10000,0.010763128,0.000451055
Attaswift_inout,30000,0.080752388,0.003416947
Attaswift_inout,30000,0.118496786,0.003927147
Attaswift_inout,30000,0.11216655,0.003728326
Attaswift_inout,30000,0.109949482,0.002535929
Attaswift_inout,30000,0.061190795,0.002706345
Attaswift_inout,30000,0.058042591,0.002577985
Attaswift_inout,30000,0.054443579,0.002474219
Attaswift_inout,30000,0.06210755,0.002774254
Attaswift_inout,30000,0.060080152,0.002680962
Attaswift_inout,30000,0.064034742,0.002396886
Attaswift_inout,100000,0.57523148,0.025721421
Attaswift_inout,100000,0.580911299,0.025041265
Attaswift_inout,100000,0.620343704,0.026020309
Attaswift_inout,100000,0.610419303,0.026739644
Attaswift_inout,100000,0.715916458,0.034944357
Attaswift_inout,100000,0.826644061,0.030738907
Attaswift_inout,100000,0.599732306,0.025677492
Attaswift_inout,100000,0.585789655,0.024796488
Attaswift_inout,100000,0.683138919,0.030543647
Attaswift_inout,100000,0.604664476,0.027526842
Attaswift_inout,300000,5.494124939000001,0.239823245
Attaswift_inout,300000,5.453111675000001,0.234404671
Attaswift_inout,300000,5.125315374,0.224197398
Attaswift_inout,300000,5.20282411,0.222534527
Attaswift_inout,300000,5.12570224,0.235072241
Attaswift_inout,300000,6.700241064999999,0.275616872
Attaswift_inout,300000,5.865739044,0.228851219
Attaswift_inout,300000,5.237701322,0.229273532
Attaswift_inout,300000,6.152366264,0.278937782
Attaswift_inout,300000,5.564277926,0.270339068
Attaswift_inout,1000000,68.26323597300001,2.770679584
Attaswift_inout,1000000,59.807946722000004,2.78195828
Attaswift_inout,1000000,59.084419047999994,2.462623891
Attaswift_inout,1000000,55.119140217,2.628872349
Attaswift_inout,1000000,54.156626854,2.564013107
Attaswift_inout,1000000,54.584850035,2.465286352
Attaswift_inout,1000000,55.352975488999995,2.445873188
Attaswift_inout,1000000,54.493073222,2.449927207
Attaswift_inout,1000000,54.381970173,2.769628726
Attaswift_inout,1000000,54.99962450100001,2.448755719
Numberick_inout,10000,0.007921556,0.000886945
Numberick_inout,10000,0.004972393,0.000373371
Numberick_inout,10000,0.003214119,0.000327027
Numberick_inout,10000,0.002689278,0.000274107
Numberick_inout,10000,0.00262062,0.000213409
Numberick_inout,10000,0.002580012,0.000215457
Numberick_inout,10000,0.002741907,0.00025463
Numberick_inout,10000,0.002567981,0.000216231
Numberick_inout,10000,0.002414961,0.000214266
Numberick_inout,10000,0.002309891,0.000288266
Numberick_inout,30000,0.026898836,0.004018161
Numberick_inout,30000,0.031561768,0.002471904
Numberick_inout,30000,0.024668043,0.002320112
Numberick_inout,30000,0.021237203,0.001628455
Numberick_inout,30000,0.021407196,0.001634897
Numberick_inout,30000,0.020784505,0.001508894
Numberick_inout,30000,0.021534556,0.001490112
Numberick_inout,30000,0.020424549,0.001781921
Numberick_inout,30000,0.021116372,0.001485405
Numberick_inout,30000,0.020820999,0.00151533
Numberick_inout,100000,0.217940827,0.015924467
Numberick_inout,100000,0.213842443,0.016128988
Numberick_inout,100000,0.218626704,0.016654902
Numberick_inout,100000,0.2197423,0.016426224
Numberick_inout,100000,0.219454241,0.016455208
Numberick_inout,100000,0.217466761,0.015870574
Numberick_inout,100000,0.220002032,0.016125194
Numberick_inout,100000,0.219627735,0.015908558
Numberick_inout,100000,0.24089246,0.016449861
Numberick_inout,100000,0.218806812,0.015873081
Numberick_inout,300000,1.985099067,0.147898135
Numberick_inout,300000,1.942554657,0.143851586
Numberick_inout,300000,1.912731807,0.143404608
Numberick_inout,300000,1.921222387,0.142196598
Numberick_inout,300000,1.994141063,0.144687914
Numberick_inout,300000,1.959515812,0.148186562
Numberick_inout,300000,1.928843986,0.139720702
Numberick_inout,300000,1.905412894,0.139316764
Numberick_inout,300000,1.946236211,0.146338718
Numberick_inout,300000,1.917485267,0.144005539
Numberick_inout,1000000,21.460726188000002,1.586857959
Numberick_inout,1000000,21.471250988999998,1.575880647
Numberick_inout,1000000,21.08532893,1.56017229
Numberick_inout,1000000,21.213388332,1.565679856
Numberick_inout,1000000,21.21732428,1.572869086
Numberick_inout,1000000,21.087366943,1.596309451
Numberick_inout,1000000,21.171636988000003,1.577972317
Numberick_inout,1000000,21.139935865,1.556717395
Numberick_inout,1000000,21.274118671,1.562840252
Numberick_inout,1000000,21.125734546,1.563114541
Violet_inout,10000,0.002624173,0.000850056
Violet_inout,10000,0.001865065,0.000432463
Violet_inout,10000,0.000867216,0.000273756
Violet_inout,10000,0.000873146,0.000254505
Violet_inout,10000,0.000887296,0.000219953
Violet_inout,10000,0.000653483,0.000191779
Violet_inout,10000,0.000963104,0.000220868
Violet_inout,10000,0.000909654,0.000200338
Violet_inout,10000,0.000779596,0.000208426
Violet_inout,10000,0.000854764,0.000219096
Violet_inout,30000,0.02457515,0.002388117
Violet_inout,30000,0.004918166,0.002349947
Violet_inout,30000,0.007799821,0.001769699
Violet_inout,30000,0.004124225,0.001758038
Violet_inout,30000,0.004866392,0.001691765
Violet_inout,30000,0.005074074,0.001601535
Violet_inout,30000,0.004189015,0.00170677
Violet_inout,30000,0.004281137,0.001561427
Violet_inout,30000,0.004362533,0.001603811
Violet_inout,30000,0.004503386,0.001594816
Violet_inout,100000,0.046189324,0.01637538
Violet_inout,100000,0.054151205,0.016243725
Violet_inout,100000,0.048640126,0.016239558
Violet_inout,100000,0.045851451,0.017773061
Violet_inout,100000,0.047537135,0.016778927
Violet_inout,100000,0.04676873,0.0169104
Violet_inout,100000,0.048554626,0.016396407
Violet_inout,100000,0.047579492,0.016029443
Violet_inout,100000,0.047111031,0.018346835
Violet_inout,100000,0.044697086,0.016166593
Violet_inout,300000,0.382129424,0.149471306
Violet_inout,300000,0.364406273,0.145258972
Violet_inout,300000,0.376388896,0.14227407
Violet_inout,300000,0.364039196,0.142738104
Violet_inout,300000,0.376156207,0.143399825
Violet_inout,300000,0.372075719,0.149350753
Violet_inout,300000,0.363873238,0.141185477
Violet_inout,300000,0.361697321,0.141598795
Violet_inout,300000,0.372065903,0.143584403
Violet_inout,300000,0.477452079,0.172915305
Violet_inout,1000000,4.007751303,1.691401472
Violet_inout,1000000,4.05590653,1.623844797
Violet_inout,1000000,3.909816468,1.57949854
Violet_inout,1000000,3.958091867,1.607660592
Violet_inout,1000000,3.93567015,1.701030544
Violet_inout,1000000,3.919961664,1.589054631
Violet_inout,1000000,3.987889729,1.576865425
Violet_inout,1000000,3.994256444,1.574681473
Violet_inout,1000000,4.012386784,1.621571432
Violet_inout,1000000,3.907886079,1.596578388


Attaswift_inout,10000,0.015075413,0.000841149
Attaswift_inout,10000,0.010240524,0.000517826
Attaswift_inout,10000,0.00669895,0.000426302
Attaswift_inout,10000,0.007418317,0.000539014
Attaswift_inout,10000,0.007819061,0.000337721
Attaswift_inout,10000,0.009648669,0.000440118
Attaswift_inout,10000,0.009383789,0.000486919
Attaswift_inout,10000,0.008021541,0.000342465
Attaswift_inout,10000,0.008190809,0.000609238
Attaswift_inout,10000,0.00908259,0.000505659
Attaswift_inout,30000,0.07451831,0.004084683
Attaswift_inout,30000,0.08107925,0.003851451
Attaswift_inout,30000,0.080215741,0.002651792
Attaswift_inout,30000,0.058063374,0.002409476
Attaswift_inout,30000,0.059584719,0.003057975
Attaswift_inout,30000,0.059803086,0.002391427
Attaswift_inout,30000,0.063268289,0.002523235
Attaswift_inout,30000,0.063695703,0.002392969
Attaswift_inout,30000,0.062391799,0.002513947
Attaswift_inout,30000,0.058416602,0.002455707
Attaswift_inout,100000,0.554256374,0.025247434
Attaswift_inout,100000,0.600877165,0.025109939
Attaswift_inout,100000,0.549983988,0.025446411
Attaswift_inout,100000,0.57502842,0.0254172
Attaswift_inout,100000,0.630276769,0.027168681
Attaswift_inout,100000,0.631019574,0.025474157
Attaswift_inout,100000,0.627564585,0.026309576
Attaswift_inout,100000,0.730371564,0.035844535
Attaswift_inout,100000,0.632000759,0.025153351
Attaswift_inout,100000,0.593214894,0.025258219
Attaswift_inout,300000,5.245377472,0.229671504
Attaswift_inout,300000,5.170715486,0.225723179
Attaswift_inout,300000,5.093307384,0.292684018
Attaswift_inout,300000,5.039123312,0.224888986
Attaswift_inout,300000,5.050905958,0.220858921
Attaswift_inout,300000,4.97196578,0.221805331
Attaswift_inout,300000,5.143197643000001,0.229017031
Attaswift_inout,300000,5.186577257,0.221288402
Attaswift_inout,300000,4.982317055,0.219606717
Attaswift_inout,300000,4.994471892,0.22418385
Attaswift_inout,1000000,55.322452277000004,2.491718972
Attaswift_inout,1000000,56.052745611,2.524473849
Attaswift_inout,1000000,56.142939075,2.652567251
Attaswift_inout,1000000,65.178781808,2.635911916
Attaswift_inout,1000000,57.756682383000005,2.566818644
Attaswift_inout,1000000,58.964063097,2.617103883
Attaswift_inout,1000000,60.362519367999994,2.811119299
Attaswift_inout,1000000,60.107741181,2.608903306
Attaswift_inout,1000000,61.936643065,2.754441887
Attaswift_inout,1000000,57.104286524,2.555602647
Numberick_inout,10000,0.008786218,0.000402633
Numberick_inout,10000,0.005593874,0.000250858
Numberick_inout,10000,0.002595771,0.000209089
Numberick_inout,10000,0.00233513,0.000247715
Numberick_inout,10000,0.002395419,0.000241874
Numberick_inout,10000,0.00278505,0.000212863
Numberick_inout,10000,0.002612793,0.000261875
Numberick_inout,10000,0.002346803,0.000226692
Numberick_inout,10000,0.002530106,0.000211703
Numberick_inout,10000,0.002553287,0.000205043
Numberick_inout,30000,0.051902616,0.00868261
Numberick_inout,30000,0.023617714,0.001913056
Numberick_inout,30000,0.02075482,0.00153692
Numberick_inout,30000,0.020870556,0.001553665
Numberick_inout,30000,0.020816695,0.001684456
Numberick_inout,30000,0.020586716,0.001478755
Numberick_inout,30000,0.020794659,0.001527195
Numberick_inout,30000,0.023161687,0.00184349
Numberick_inout,30000,0.022006427,0.001701463
Numberick_inout,30000,0.021224171,0.001521576
Numberick_inout,100000,0.215818315,0.017000975
Numberick_inout,100000,0.215600339,0.016006987
Numberick_inout,100000,0.214447993,0.015842296
Numberick_inout,100000,0.215500665,0.015824641
Numberick_inout,100000,0.220609117,0.016849895
Numberick_inout,100000,0.221254753,0.016203032
Numberick_inout,100000,0.224403146,0.016735446
Numberick_inout,100000,0.257545356,0.01803898
Numberick_inout,100000,0.214125351,0.016158846
Numberick_inout,100000,0.260600559,0.016573081
Numberick_inout,300000,1.957454283,0.14207205
Numberick_inout,300000,1.913457841,0.141046137
Numberick_inout,300000,1.940262065,0.140664572
Numberick_inout,300000,1.919482232,0.140800902
Numberick_inout,300000,1.908212693,0.139918943
Numberick_inout,300000,1.930963513,0.141186057
Numberick_inout,300000,1.923233986,0.140993678
Numberick_inout,300000,1.911756839,0.176581514
Numberick_inout,300000,1.946768784,0.14150736
Numberick_inout,300000,1.925975651,0.140940228
Numberick_inout,1000000,21.384786254,1.569072494
Numberick_inout,1000000,21.243766574000002,1.573825949
Numberick_inout,1000000,23.144277936,1.625770353
Numberick_inout,1000000,21.760749584,1.911168924
Numberick_inout,1000000,21.302072835,1.647865709
Numberick_inout,1000000,21.741164952,1.576423713
Numberick_inout,1000000,23.077235001000002,1.761840281
Numberick_inout,1000000,22.159705798999997,1.713582921
Numberick_inout,1000000,21.533379994,1.577894062
Numberick_inout,1000000,21.790301337000002,1.568970982
Violet_inout,10000,0.001238189,0.000365014
Violet_inout,10000,0.000906383,0.000222324
Violet_inout,10000,0.001101152,0.000257808
Violet_inout,10000,0.000850869,0.000206472
Violet_inout,10000,0.000777867,0.000223784
Violet_inout,10000,0.001041054,0.000260177
Violet_inout,10000,0.000836072,0.000227187
Violet_inout,10000,0.000818998,0.000193538
Violet_inout,10000,0.001033169,0.000265765
Violet_inout,10000,0.0009894,0.000241446
Violet_inout,30000,0.007781425,0.001819132
Violet_inout,30000,0.00791885,0.001758272
Violet_inout,30000,0.005336334,0.001708805
Violet_inout,30000,0.004816488,0.001730959
Violet_inout,30000,0.005889011,0.001780498
Violet_inout,30000,0.004299036,0.001575117
Violet_inout,30000,0.00448896,0.001617653
Violet_inout,30000,0.004293542,0.001631357
Violet_inout,30000,0.004553191,0.001639972
Violet_inout,30000,0.00505119,0.001714862
Violet_inout,100000,0.044486884,0.016504066
Violet_inout,100000,0.046470592,0.016190639
Violet_inout,100000,0.044951674,0.016414052
Violet_inout,100000,0.046054127,0.016249823
Violet_inout,100000,0.050999308,0.016584189
Violet_inout,100000,0.046435009,0.018852312
Violet_inout,100000,0.048026483,0.017213985
Violet_inout,100000,0.070426897,0.019420747
Violet_inout,100000,0.045594465,0.016305114
Violet_inout,100000,0.056699429,0.017086111
Violet_inout,300000,0.36370995,0.141357669
Violet_inout,300000,0.365632504,0.14101364
Violet_inout,300000,0.442959026,0.141183023
Violet_inout,300000,0.361654469,0.142517211
Violet_inout,300000,0.361511083,0.141417315
Violet_inout,300000,0.384938587,0.141433708
Violet_inout,300000,0.364442824,0.142479306
Violet_inout,300000,0.361764897,0.142277287
Violet_inout,300000,0.364227078,0.141277911
Violet_inout,300000,0.415772564,0.141833121
Violet_inout,1000000,4.037603773,1.817438335
Violet_inout,1000000,3.970736483,1.591370698
Violet_inout,1000000,3.97237711,1.583868505
Violet_inout,1000000,4.055752356,1.614601744
Violet_inout,1000000,4.07999391,1.595073733
Violet_inout,1000000,4.522700608,1.815385961
Violet_inout,1000000,4.106304677,1.644943798
Violet_inout,1000000,4.368797239,1.600186523
Violet_inout,1000000,4.079872635,1.641074138
Violet_inout,1000000,4.016636687,1.610810799

Attaswift_inout,10000,0.013722021,0.000542664
Attaswift_inout,10000,0.009220013,0.00054386
Attaswift_inout,10000,0.007898869,0.000504491
Attaswift_inout,10000,0.007831638,0.000879449
Attaswift_inout,10000,0.009842264,0.000514119
Attaswift_inout,10000,0.008809246,0.000345383
Attaswift_inout,10000,0.009606921,0.000615701
Attaswift_inout,10000,0.011861196,0.000611941
Attaswift_inout,10000,0.013349343,0.000564089
Attaswift_inout,10000,0.014752339,0.000468468
Attaswift_inout,30000,0.106394935,0.003451672
Attaswift_inout,30000,0.069998486,0.002883485
Attaswift_inout,30000,0.06046499,0.002462409
Attaswift_inout,30000,0.067639032,0.002611445
Attaswift_inout,30000,0.070764103,0.003117174
Attaswift_inout,30000,0.067321391,0.002382261
Attaswift_inout,30000,0.058893594,0.002642339
Attaswift_inout,30000,0.056073892,0.002557804
Attaswift_inout,30000,0.062985578,0.003442633
Attaswift_inout,30000,0.063284766,0.002415355
Attaswift_inout,100000,0.558303204,0.025655817
Attaswift_inout,100000,0.555659498,0.024995651
Attaswift_inout,100000,0.557287817,0.025098745
Attaswift_inout,100000,0.560063659,0.027384768
Attaswift_inout,100000,0.574701675,0.025643253
Attaswift_inout,100000,0.5513357,0.026005013
Attaswift_inout,100000,0.570537632,0.026471173
Attaswift_inout,100000,0.566208965,0.024895026
Attaswift_inout,100000,0.565552929,0.024964063
Attaswift_inout,100000,0.562388173,0.025244228
Attaswift_inout,300000,5.064516454,0.21926107
Attaswift_inout,300000,5.042588561,0.222976347
Attaswift_inout,300000,5.462985936999999,0.22318369
Attaswift_inout,300000,5.103302718,0.224443766
Attaswift_inout,300000,5.311904166,0.221445978
Attaswift_inout,300000,5.035247115000001,0.22097534
Attaswift_inout,300000,5.04169856,0.228743602
Attaswift_inout,300000,5.00073817,0.220346728
Attaswift_inout,300000,4.992082926,0.2261943
Attaswift_inout,300000,5.041656635000001,0.225512488
Attaswift_inout,1000000,55.372929145,2.511979247
Attaswift_inout,1000000,55.020445554000005,2.464428613
Attaswift_inout,1000000,55.442754633,2.475187265
Attaswift_inout,1000000,54.784548002,2.460683539
Attaswift_inout,1000000,55.481671712,2.482484065
Attaswift_inout,1000000,55.130598332000005,2.648601814
Attaswift_inout,1000000,56.40843220599999,2.515450808
Attaswift_inout,1000000,54.986047668,2.460875422
Attaswift_inout,1000000,55.161435503,2.524133709
Attaswift_inout,1000000,54.745330803,2.54774124
Numberick_inout,10000,0.00262165,0.000329863
Numberick_inout,10000,0.002945932,0.000274462
Numberick_inout,10000,0.002770773,0.000292468
Numberick_inout,10000,0.002542151,0.000221105
Numberick_inout,10000,0.002796571,0.000272259
Numberick_inout,10000,0.002898994,0.000295126
Numberick_inout,10000,0.003190555,0.000268609
Numberick_inout,10000,0.00308091,0.000308658
Numberick_inout,10000,0.003092589,0.001540743
Numberick_inout,10000,0.002757487,0.000267265
Numberick_inout,30000,0.024586274,0.001866485
Numberick_inout,30000,0.020305349,0.001548467
Numberick_inout,30000,0.020946133,0.001467187
Numberick_inout,30000,0.021122881,0.001601342
Numberick_inout,30000,0.021696037,0.001491856
Numberick_inout,30000,0.021819475,0.001582583
Numberick_inout,30000,0.02018853,0.001536427
Numberick_inout,30000,0.021690928,0.001470384
Numberick_inout,30000,0.021741793,0.001582872
Numberick_inout,30000,0.021415129,0.001792222
Numberick_inout,100000,0.215587494,0.015943129
Numberick_inout,100000,0.214763504,0.01596285
Numberick_inout,100000,0.214691339,0.015894056
Numberick_inout,100000,0.215458203,0.015723762
Numberick_inout,100000,0.215007004,0.016073664
Numberick_inout,100000,0.21532201,0.015887597
Numberick_inout,100000,0.246533526,0.019265473
Numberick_inout,100000,0.215692693,0.015801243
Numberick_inout,100000,0.215284645,0.01592327
Numberick_inout,100000,0.215212951,0.015988
Numberick_inout,300000,1.9139326,0.140877796
Numberick_inout,300000,1.904153643,0.140158174
Numberick_inout,300000,1.91382147,0.139953417
Numberick_inout,300000,1.910831919,0.140247039
Numberick_inout,300000,1.913808076,0.14033906
Numberick_inout,300000,1.912649935,0.140215433
Numberick_inout,300000,1.905534374,0.140578935
Numberick_inout,300000,1.909791214,0.140338627
Numberick_inout,300000,1.905170168,0.155915722
Numberick_inout,300000,1.929438382,0.140399984
Numberick_inout,1000000,21.323138083,1.560917561
Numberick_inout,1000000,21.17595134,1.580281366
Numberick_inout,1000000,21.549993731999997,1.569543006
Numberick_inout,1000000,21.271044225999997,1.570168931
Numberick_inout,1000000,21.169827437,1.574300037
Numberick_inout,1000000,21.352221976,1.575758078
Numberick_inout,1000000,21.251866244,1.571151868
Numberick_inout,1000000,21.322876833000002,1.584008371
Numberick_inout,1000000,21.525804618,1.56717559
Numberick_inout,1000000,21.263361185,1.575542963
Violet_inout,10000,0.00074834,0.000263725
Violet_inout,10000,0.001037245,0.00025102
Violet_inout,10000,0.000875094,0.000223684
Violet_inout,10000,0.000966325,0.000653551
Violet_inout,10000,0.000954094,0.000266422
Violet_inout,10000,0.000848332,0.000292268
Violet_inout,10000,0.001341034,0.000270833
Violet_inout,10000,0.001318224,0.000308868
Violet_inout,10000,0.001205652,0.000639566
Violet_inout,10000,0.00089428,0.000272944
Violet_inout,30000,0.007108298,0.001792803
Violet_inout,30000,0.004583737,0.004647844
Violet_inout,30000,0.004435269,0.001593103
Violet_inout,30000,0.004749903,0.00158553
Violet_inout,30000,0.00423707,0.00154161
Violet_inout,30000,0.004369514,0.001599771
Violet_inout,30000,0.004668632,0.001664627
Violet_inout,30000,0.004440554,0.001574478
Violet_inout,30000,0.006420906,0.001580966
Violet_inout,30000,0.004363998,0.001744566
Violet_inout,100000,0.045911714,0.01604
Violet_inout,100000,0.046032914,0.016235313
Violet_inout,100000,0.04431368,0.016189309
Violet_inout,100000,0.045020387,0.016316699
Violet_inout,100000,0.045271604,0.016302831
Violet_inout,100000,0.044912515,0.016273743
Violet_inout,100000,0.045821507,0.028376461
Violet_inout,100000,0.045169916,0.016563667
Violet_inout,100000,0.044751682,0.016128237
Violet_inout,100000,0.044619903,0.016225768
Violet_inout,300000,0.359439339,0.142175041
Violet_inout,300000,0.398172022,0.141576118
Violet_inout,300000,0.360110858,0.142502936
Violet_inout,300000,0.360377985,0.141485466
Violet_inout,300000,0.366413771,0.142873097
Violet_inout,300000,0.361633782,0.141618055
Violet_inout,300000,0.411743286,0.142229603
Violet_inout,300000,0.361843657,0.142188944
Violet_inout,300000,0.365442091,0.142107336
Violet_inout,300000,0.360152165,0.142297212
Violet_inout,1000000,4.028762212,1.574636225
Violet_inout,1000000,4.121856722,1.577810903
Violet_inout,1000000,3.974510981,1.578713279
Violet_inout,1000000,4.063400242,1.578488429
Violet_inout,1000000,3.956852921,1.588704638
Violet_inout,1000000,4.003503128,1.594207375
Violet_inout,1000000,4.06405638,1.584629161
Violet_inout,1000000,3.934822027,1.609803426
Violet_inout,1000000,4.004168352,1.58126034
Violet_inout,1000000,3.935778144,1.613550269
Attaswift_inout,10000,0.011688661,0.000505429
Attaswift_inout,10000,0.008993555,0.000572276
Attaswift_inout,10000,0.008909206,0.000503981
Attaswift_inout,10000,0.009989435,0.000450692
Attaswift_inout,10000,0.007319815,0.000567362
Attaswift_inout,10000,0.009280203,0.000338939
Attaswift_inout,10000,0.009385591,0.000565884
Attaswift_inout,10000,0.006893176,0.000335683
Attaswift_inout,10000,0.008631592,0.000345266
Attaswift_inout,10000,0.007453057,0.000355412
Attaswift_inout,30000,0.065756911,0.00239875
Attaswift_inout,30000,0.057665984,0.002431075
Attaswift_inout,30000,0.058652642,0.002387758
Attaswift_inout,30000,0.063444724,0.00362198
Attaswift_inout,30000,0.058288672,0.002753064
Attaswift_inout,30000,0.059024671,0.002432991
Attaswift_inout,30000,0.057470742,0.002428105
Attaswift_inout,30000,0.05862104,0.002389161
Attaswift_inout,30000,0.055328334,0.002667846
Attaswift_inout,30000,0.104224754,0.002499567
Attaswift_inout,100000,0.580789039,0.025303855
Attaswift_inout,100000,0.554955464,0.025018171
Attaswift_inout,100000,0.572458574,0.02511478
Attaswift_inout,100000,0.574504373,0.02542726
Attaswift_inout,100000,0.58964976,0.025779877
Attaswift_inout,100000,0.595551661,0.025599159
Attaswift_inout,100000,0.579616794,0.025207202
Attaswift_inout,100000,0.55026551,0.025011291
Attaswift_inout,100000,0.55280498,0.027181294
Attaswift_inout,100000,0.555180752,0.025432997
Attaswift_inout,300000,5.070004704,0.225258298
Attaswift_inout,300000,5.217016034,0.22018179
Attaswift_inout,300000,4.951622268,0.220654211
Attaswift_inout,300000,4.996913116999999,0.223644114
Attaswift_inout,300000,4.962733472999999,0.220985218
Attaswift_inout,300000,5.18127219,0.219906436
Attaswift_inout,300000,4.927215291,0.220163513
Attaswift_inout,300000,4.922813427,0.222052741
Attaswift_inout,300000,4.969414592,0.223238487
Attaswift_inout,300000,4.866050944,0.222024782
Attaswift_inout,1000000,55.33401987,2.472930497
Attaswift_inout,1000000,55.578174215,2.493050192
Attaswift_inout,1000000,55.587950269,2.518217714
Attaswift_inout,1000000,55.085769117,2.477440011
Attaswift_inout,1000000,55.534955209,2.477029373
Attaswift_inout,1000000,55.223019633,2.488972392
Attaswift_inout,1000000,55.135325871,2.477614723
Attaswift_inout,1000000,55.265565462,2.47020706
Attaswift_inout,1000000,55.588899621,2.491039332
Attaswift_inout,1000000,55.580870262,2.539328107
Numberick_inout,10000,0.002416142,0.000383524
Numberick_inout,10000,0.002755159,0.000249646
Numberick_inout,10000,0.002588904,0.000196367
Numberick_inout,10000,0.002552774,0.000201187
Numberick_inout,10000,0.002473696,0.00024418
Numberick_inout,10000,0.002450848,0.00019944
Numberick_inout,10000,0.002364721,0.000190689
Numberick_inout,10000,0.002787025,0.000272381
Numberick_inout,10000,0.002293638,0.000190796
Numberick_inout,10000,0.002651306,0.000323095
Numberick_inout,30000,0.021096347,0.001528149
Numberick_inout,30000,0.021474583,0.001489696
Numberick_inout,30000,0.021159634,0.001595346
Numberick_inout,30000,0.021474163,0.00173621
Numberick_inout,30000,0.021061632,0.00156215
Numberick_inout,30000,0.021406114,0.001740684
Numberick_inout,30000,0.022588132,0.001620797
Numberick_inout,30000,0.020864147,0.001692595
Numberick_inout,30000,0.020478398,0.001794248
Numberick_inout,30000,0.02893856,0.001808295
Numberick_inout,100000,0.215323273,0.015989397
Numberick_inout,100000,0.214481252,0.016136504
Numberick_inout,100000,0.214317477,0.01583931
Numberick_inout,100000,0.215095149,0.016115485
Numberick_inout,100000,0.214285104,0.015935803
Numberick_inout,100000,0.215668767,0.015906816
Numberick_inout,100000,0.214699682,0.015851698
Numberick_inout,100000,0.243017381,0.015756339
Numberick_inout,100000,0.214550138,0.015880102
Numberick_inout,100000,0.214926846,0.015960821
Numberick_inout,300000,1.911453752,0.140928822
Numberick_inout,300000,1.914213817,0.14028857
Numberick_inout,300000,1.927004861,0.141121542
Numberick_inout,300000,1.919716524,0.141453181
Numberick_inout,300000,1.908741918,0.140950944
Numberick_inout,300000,1.90867682,0.140702958
Numberick_inout,300000,1.910281422,0.140955546
Numberick_inout,300000,1.997928005,0.141530229
Numberick_inout,300000,1.935601983,0.140331669
Numberick_inout,300000,1.982662476,0.140860488
Numberick_inout,1000000,21.204807139999996,1.575353553
Numberick_inout,1000000,21.346274501,1.56216874
Numberick_inout,1000000,21.243457523999997,1.597324983
Numberick_inout,1000000,21.196807899,1.676895488
Numberick_inout,1000000,21.231393712,1.578380102
Numberick_inout,1000000,21.318529553,1.574983138
Numberick_inout,1000000,21.796623085,1.646820174
Numberick_inout,1000000,21.168393555,1.563697766
Numberick_inout,1000000,21.300921858,1.564050438
Numberick_inout,1000000,21.336672986,1.575498921
Violet_inout,10000,0.000869052,0.000293098
Violet_inout,10000,0.001144775,0.000306828
Violet_inout,10000,0.001104574,0.000202833
Violet_inout,10000,0.000812384,0.000207605
Violet_inout,10000,0.00070635,0.000210527
Violet_inout,10000,0.000785449,0.000202192
Violet_inout,10000,0.000842177,0.000197779
Violet_inout,10000,0.000670253,0.000200888
Violet_inout,10000,0.000630084,0.000195774
Violet_inout,10000,0.000880571,0.000229453
Violet_inout,30000,0.00415178,0.001597016
Violet_inout,30000,0.00492176,0.001704719
Violet_inout,30000,0.004570533,0.001631742
Violet_inout,30000,0.007211855,0.0017642
Violet_inout,30000,0.005429063,0.001741401
Violet_inout,30000,0.004125518,0.001550689
Violet_inout,30000,0.00417581,0.001628628
Violet_inout,30000,0.004143778,0.001540292
Violet_inout,30000,0.004528462,0.001642622
Violet_inout,30000,0.004300248,0.00168161
Violet_inout,100000,0.044698125,0.016185329
Violet_inout,100000,0.044571976,0.016129443
Violet_inout,100000,0.045605515,0.01632531
Violet_inout,100000,0.044337179,0.016408076
Violet_inout,100000,0.048656387,0.016183221
Violet_inout,100000,0.044368255,0.016293879
Violet_inout,100000,0.044758003,0.016154246
Violet_inout,100000,0.043799771,0.029103763
Violet_inout,100000,0.046623277,0.016479188
Violet_inout,100000,0.044670663,0.016284751
Violet_inout,300000,0.36248212,0.141973067
Violet_inout,300000,0.362768638,0.141816275
Violet_inout,300000,0.369917592,0.141584357
Violet_inout,300000,0.363316795,0.141248444
Violet_inout,300000,0.364242351,0.15564404
Violet_inout,300000,0.362750393,0.142221879
Violet_inout,300000,0.361972426,0.141906078
Violet_inout,300000,0.366735013,0.141425125
Violet_inout,300000,0.361468738,0.141278957
Violet_inout,300000,0.362704564,0.141522525
Violet_inout,1000000,3.996945844,1.578586716
Violet_inout,1000000,4.060259596,1.574845824
Violet_inout,1000000,4.205642055,1.577496451
Violet_inout,1000000,3.951990521,1.572544241
Violet_inout,1000000,4.110563901,1.597967209
Violet_inout,1000000,3.978937431,1.57987714
Violet_inout,1000000,3.9377222,1.589624762
Violet_inout,1000000,4.13814662,1.580767378
Violet_inout,1000000,3.99117988,1.590921903
Violet_inout,1000000,4.084476115,1.584127187
